0.009588956832885742
0.020598411560058594
0.01809382438659668
0.016999006271362305
0.015999794006347656
0.009227275848388672
0.008962869644165039
0.00796198844909668
0.01000523567199707
0.007962226867675781
0.05398821830749512
0.008003950119018555
0.015003442764282227
0.008962392807006836
0.01200556755065918
0.01000356674194336
0.009001970291137695
0.015239238739013672
0.07306814193725586
0.06590795516967773
0.033271074295043945
0.018532276153564453
0.018693208694458008
0.012666463851928711
0.014492034912109375
0.0186312198638916
0.01600933074951172
0.013975858688354492
0.017821073532104492
0.010041475296020508
0.01103973388671875
0.029924869537353516
0.01732659339904785
0.012077093124389648
0.0117340087890625
0.013956308364868164
0.01806187629699707
0.011669158935546875
0.06250524520874023
0.02927994728088379
0.021091699600219727
0.011495590209960938
0.013433218002319336
0.01508951187133789
0.017633438110351562
0.015252828598022461
0.013000011444091797
0.014906883239746094
0.019478797912597656
0.005585193634033203
0.007960796356201172
0.0060117244720458984
0.015284061431884766
0.007002115249633789
0.00800180435180664
0.008001565933227539
0.007962942123413086
0.007008790969848633
0.0060024261474609375
0.006996631622314453
0.007959604263305664
0.007975101470947266
0.007001161575317383
0.008000850677490234
0.008005380630493164
0.007000923156738281
0.007000446319580078
0.019029855728149414
0.015009641647338867
0.014003992080688477
0.00700068473815918
0.006001710891723633
0.009536266326904297
0.010062932968139648
0.010261058807373047
0.010097265243530273
0.006999969482421875
0.009042501449584961
