0.0000000e+00
0.0000000e+00
0.0000000e+00
0.0000000e+00
0.0000000e+00
0.0000000e+00
4.3157841e-03
0.0000000e+00
0.0000000e+00
0.0000000e+00
0.0000000e+00
0.0000000e+00
0.0000000e+00
0.0000000e+00
0.0000000e+00
0.0000000e+00
0.0000000e+00
0.0000000e+00
2.3778008e-03
0.0000000e+00
0.0000000e+00
0.0000000e+00
0.0000000e+00
0.0000000e+00
1.7597649e-05
0.0000000e+00
0.0000000e+00
0.0000000e+00
0.0000000e+00
0.0000000e+00
0.0000000e+00
0.0000000e+00
0.0000000e+00
0.0000000e+00
0.0000000e+00
0.0000000e+00
0.0000000e+00
0.0000000e+00
0.0000000e+00
0.0000000e+00
0.0000000e+00
0.0000000e+00
3.7058434e-03
0.0000000e+00
0.0000000e+00
0.0000000e+00
0.0000000e+00
0.0000000e+00
0.0000000e+00
0.0000000e+00
0.0000000e+00
0.0000000e+00
0.0000000e+00
0.0000000e+00
0.0000000e+00
3.9771843e-03
0.0000000e+00
0.0000000e+00
0.0000000e+00
0.0000000e+00
0.0000000e+00
0.0000000e+00
0.0000000e+00
0.0000000e+00
0.0000000e+00
0.0000000e+00
0.0000000e+00
0.0000000e+00
0.0000000e+00
0.0000000e+00
0.0000000e+00
0.0000000e+00
0.0000000e+00
0.0000000e+00
0.0000000e+00
4.3982862e-03
0.0000000e+00
0.0000000e+00
0.0000000e+00
0.0000000e+00
0.0000000e+00
2.8337962e-03
0.0000000e+00
0.0000000e+00
5.1572646e-05
0.0000000e+00
0.0000000e+00
0.0000000e+00
0.0000000e+00
0.0000000e+00
0.0000000e+00
0.0000000e+00
0.0000000e+00
0.0000000e+00
0.0000000e+00
0.0000000e+00
0.0000000e+00
0.0000000e+00
0.0000000e+00
0.0000000e+00
0.0000000e+00
0.0000000e+00
0.0000000e+00
0.0000000e+00
0.0000000e+00
0.0000000e+00
0.0000000e+00
0.0000000e+00
0.0000000e+00
0.0000000e+00
0.0000000e+00
0.0000000e+00
0.0000000e+00
0.0000000e+00
0.0000000e+00
6.2834524e-03
0.0000000e+00
0.0000000e+00
0.0000000e+00
0.0000000e+00
0.0000000e+00
0.0000000e+00
0.0000000e+00
0.0000000e+00
0.0000000e+00
0.0000000e+00
0.0000000e+00
0.0000000e+00
0.0000000e+00
0.0000000e+00
0.0000000e+00
0.0000000e+00
0.0000000e+00
0.0000000e+00
0.0000000e+00
0.0000000e+00
0.0000000e+00
0.0000000e+00
0.0000000e+00
0.0000000e+00
0.0000000e+00
0.0000000e+00
0.0000000e+00
4.9998786e-03
0.0000000e+00
0.0000000e+00
0.0000000e+00
0.0000000e+00
0.0000000e+00
0.0000000e+00
0.0000000e+00
0.0000000e+00
2.3936117e-03
0.0000000e+00
0.0000000e+00
0.0000000e+00
0.0000000e+00
0.0000000e+00
0.0000000e+00
0.0000000e+00
1.1030942e-03
0.0000000e+00
0.0000000e+00
0.0000000e+00
0.0000000e+00
0.0000000e+00
0.0000000e+00
0.0000000e+00
0.0000000e+00
0.0000000e+00
0.0000000e+00
0.0000000e+00
0.0000000e+00
0.0000000e+00
0.0000000e+00
0.0000000e+00
0.0000000e+00
0.0000000e+00
0.0000000e+00
0.0000000e+00
0.0000000e+00
7.6977317e-03
0.0000000e+00
0.0000000e+00
1.2498029e-04
0.0000000e+00
0.0000000e+00
0.0000000e+00
0.0000000e+00
0.0000000e+00
0.0000000e+00
0.0000000e+00
0.0000000e+00
0.0000000e+00
0.0000000e+00
0.0000000e+00
0.0000000e+00
0.0000000e+00
0.0000000e+00
0.0000000e+00
0.0000000e+00
0.0000000e+00
0.0000000e+00
0.0000000e+00
0.0000000e+00
5.9209579e-03
0.0000000e+00
0.0000000e+00
0.0000000e+00
0.0000000e+00
0.0000000e+00
0.0000000e+00
0.0000000e+00
0.0000000e+00
0.0000000e+00
0.0000000e+00
0.0000000e+00
0.0000000e+00
0.0000000e+00
0.0000000e+00
5.4264431e-03
0.0000000e+00
0.0000000e+00
0.0000000e+00
0.0000000e+00
0.0000000e+00
0.0000000e+00
0.0000000e+00
2.7940106e-03
0.0000000e+00
0.0000000e+00
0.0000000e+00
0.0000000e+00
0.0000000e+00
0.0000000e+00
0.0000000e+00
0.0000000e+00
0.0000000e+00
0.0000000e+00
0.0000000e+00
0.0000000e+00
0.0000000e+00
0.0000000e+00
0.0000000e+00
0.0000000e+00
0.0000000e+00
0.0000000e+00
0.0000000e+00
0.0000000e+00
0.0000000e+00
0.0000000e+00
0.0000000e+00
0.0000000e+00
0.0000000e+00
2.3943634e-03
0.0000000e+00
0.0000000e+00
0.0000000e+00
0.0000000e+00
0.0000000e+00
0.0000000e+00
0.0000000e+00
0.0000000e+00
0.0000000e+00
0.0000000e+00
1.7943631e-03
0.0000000e+00
0.0000000e+00
0.0000000e+00
0.0000000e+00
0.0000000e+00
0.0000000e+00
0.0000000e+00
0.0000000e+00
0.0000000e+00
0.0000000e+00
0.0000000e+00
0.0000000e+00
2.6218513e-03
0.0000000e+00
1.0603484e-04
0.0000000e+00
0.0000000e+00
0.0000000e+00
0.0000000e+00
0.0000000e+00
8.7897707e-05
0.0000000e+00
0.0000000e+00
0.0000000e+00
3.2953983e-03
0.0000000e+00
0.0000000e+00
0.0000000e+00
0.0000000e+00
0.0000000e+00
0.0000000e+00
0.0000000e+00
0.0000000e+00
0.0000000e+00
0.0000000e+00
0.0000000e+00
0.0000000e+00
0.0000000e+00
0.0000000e+00
0.0000000e+00
0.0000000e+00
0.0000000e+00
0.0000000e+00
0.0000000e+00
0.0000000e+00
0.0000000e+00
0.0000000e+00
0.0000000e+00
6.4058432e-03
0.0000000e+00
0.0000000e+00
0.0000000e+00
0.0000000e+00
0.0000000e+00
0.0000000e+00
0.0000000e+00
0.0000000e+00
0.0000000e+00
0.0000000e+00
0.0000000e+00
0.0000000e+00
0.0000000e+00
1.5771841e-03
0.0000000e+00
0.0000000e+00
0.0000000e+00
0.0000000e+00
0.0000000e+00
0.0000000e+00
0.0000000e+00
0.0000000e+00
0.0000000e+00
0.0000000e+00
0.0000000e+00
0.0000000e+00
0.0000000e+00
0.0000000e+00
0.0000000e+00
0.0000000e+00
0.0000000e+00
0.0000000e+00
4.1982861e-03
0.0000000e+00
0.0000000e+00
0.0000000e+00
0.0000000e+00
0.0000000e+00
1.9853690e-03
0.0000000e+00
0.0000000e+00
0.0000000e+00
0.0000000e+00
0.0000000e+00
0.0000000e+00
0.0000000e+00
0.0000000e+00
0.0000000e+00
0.0000000e+00
0.0000000e+00
0.0000000e+00
0.0000000e+00
0.0000000e+00
0.0000000e+00
0.0000000e+00
0.0000000e+00
0.0000000e+00
0.0000000e+00
0.0000000e+00
0.0000000e+00
0.0000000e+00
0.0000000e+00
0.0000000e+00
0.0000000e+00
0.0000000e+00
0.0000000e+00
0.0000000e+00
0.0000000e+00
0.0000000e+00
4.3958505e-03
0.0000000e+00
0.0000000e+00
0.0000000e+00
0.0000000e+00
0.0000000e+00
0.0000000e+00
1.1406438e-05
4.7680712e-05
0.0000000e+00
0.0000000e+00
0.0000000e+00
0.0000000e+00
0.0000000e+00
2.9543575e-05
4.9897108e-04
0.0000000e+00
0.0000000e+00
0.0000000e+00
0.0000000e+00
0.0000000e+00
0.0000000e+00
0.0000000e+00
0.0000000e+00
4.9391593e-05
0.0000000e+00
0.0000000e+00
0.0000000e+00
0.0000000e+00
0.0000000e+00
0.0000000e+00
3.4504872e-03
0.0000000e+00
0.0000000e+00
0.0000000e+00
0.0000000e+00
0.0000000e+00
0.0000000e+00
0.0000000e+00
0.0000000e+00
2.5936116e-03
0.0000000e+00
0.0000000e+00
0.0000000e+00
0.0000000e+00
0.0000000e+00
0.0000000e+00
0.0000000e+00
3.9931926e-03
0.0000000e+00
0.0000000e+00
0.0000000e+00
0.0000000e+00
0.0000000e+00
0.0000000e+00
0.0000000e+00
0.0000000e+00
9.9017707e-06
0.0000000e+00
0.0000000e+00
0.0000000e+00
0.0000000e+00
0.0000000e+00
0.0000000e+00
0.0000000e+00
0.0000000e+00
0.0000000e+00
0.0000000e+00
8.0969446e-05
6.5988344e-03
0.0000000e+00
0.0000000e+00
0.0000000e+00
9.9106583e-05
0.0000000e+00
0.0000000e+00
0.0000000e+00
0.0000000e+00
1.3538086e-04
8.4208983e-06
0.0000000e+00
0.0000000e+00
1.0175443e-05
0.0000000e+00
4.6449717e-05
0.0000000e+00
0.0000000e+00
6.4688903e-07
1.3305109e-05
1.5097765e-05
0.0000000e+00
0.0000000e+00
0.0000000e+00
3.8352827e-03
0.0000000e+00
0.0000000e+00
0.0000000e+00
0.0000000e+00
0.0000000e+00
0.0000000e+00
0.0000000e+00
0.0000000e+00
0.0000000e+00
0.0000000e+00
3.6939529e-06
0.0000000e+00
0.0000000e+00
0.0000000e+00
7.7227490e-03
0.0000000e+00
0.0000000e+00
0.0000000e+00
0.0000000e+00
0.0000000e+00
0.0000000e+00
0.0000000e+00
3.4940108e-03
0.0000000e+00
0.0000000e+00
0.0000000e+00
0.0000000e+00
0.0000000e+00
0.0000000e+00
0.0000000e+00
0.0000000e+00
0.0000000e+00
0.0000000e+00
0.0000000e+00
0.0000000e+00
0.0000000e+00
0.0000000e+00
0.0000000e+00
0.0000000e+00
0.0000000e+00
0.0000000e+00
0.0000000e+00
0.0000000e+00
0.0000000e+00
0.0000000e+00
0.0000000e+00
0.0000000e+00
0.0000000e+00
2.2943633e-03
0.0000000e+00
0.0000000e+00
0.0000000e+00
0.0000000e+00
0.0000000e+00
0.0000000e+00
0.0000000e+00
0.0000000e+00
0.0000000e+00
0.0000000e+00
2.7943630e-03
0.0000000e+00
0.0000000e+00
0.0000000e+00
0.0000000e+00
0.0000000e+00
0.0000000e+00
0.0000000e+00
0.0000000e+00
0.0000000e+00
0.0000000e+00
0.0000000e+00
0.0000000e+00
3.1641605e-03
0.0000000e+00
0.0000000e+00
5.1623433e-05
0.0000000e+00
0.0000000e+00
0.0000000e+00
0.0000000e+00
0.0000000e+00
0.0000000e+00
0.0000000e+00
0.0000000e+00
2.3953985e-03
0.0000000e+00
0.0000000e+00
0.0000000e+00
0.0000000e+00
0.0000000e+00
0.0000000e+00
0.0000000e+00
0.0000000e+00
0.0000000e+00
0.0000000e+00
0.0000000e+00
0.0000000e+00
0.0000000e+00
0.0000000e+00
0.0000000e+00
0.0000000e+00
0.0000000e+00
0.0000000e+00
0.0000000e+00
0.0000000e+00
0.0000000e+00
0.0000000e+00
0.0000000e+00
5.2432109e-03
0.0000000e+00
0.0000000e+00
0.0000000e+00
6.2632379e-05
0.0000000e+00
0.0000000e+00
0.0000000e+00
0.0000000e+00
0.0000000e+00
0.0000000e+00
0.0000000e+00
0.0000000e+00
1.5771841e-03
0.0000000e+00
0.0000000e+00
0.0000000e+00
0.0000000e+00
0.0000000e+00
0.0000000e+00
0.0000000e+00
0.0000000e+00
0.0000000e+00
0.0000000e+00
0.0000000e+00
0.0000000e+00
0.0000000e+00
0.0000000e+00
0.0000000e+00
0.0000000e+00
0.0000000e+00
0.0000000e+00
0.0000000e+00
5.6982863e-03
0.0000000e+00
0.0000000e+00
0.0000000e+00
0.0000000e+00
0.0000000e+00
2.1853689e-03
0.0000000e+00
0.0000000e+00
0.0000000e+00
0.0000000e+00
0.0000000e+00
0.0000000e+00
0.0000000e+00
0.0000000e+00
0.0000000e+00
0.0000000e+00
0.0000000e+00
0.0000000e+00
0.0000000e+00
0.0000000e+00
0.0000000e+00
0.0000000e+00
0.0000000e+00
0.0000000e+00
0.0000000e+00
0.0000000e+00
0.0000000e+00
0.0000000e+00
1.4810060e-03
0.0000000e+00
0.0000000e+00
0.0000000e+00
0.0000000e+00
0.0000000e+00
0.0000000e+00
0.0000000e+00
0.0000000e+00
0.0000000e+00
0.0000000e+00
5.7834523e-03
0.0000000e+00
0.0000000e+00
0.0000000e+00
0.0000000e+00
0.0000000e+00
0.0000000e+00
0.0000000e+00
0.0000000e+00
0.0000000e+00
0.0000000e+00
0.0000000e+00
0.0000000e+00
0.0000000e+00
0.0000000e+00
0.0000000e+00
0.0000000e+00
0.0000000e+00
0.0000000e+00
0.0000000e+00
0.0000000e+00
0.0000000e+00
0.0000000e+00
0.0000000e+00
0.0000000e+00
0.0000000e+00
0.0000000e+00
0.0000000e+00
3.8998786e-03
0.0000000e+00
0.0000000e+00
0.0000000e+00
0.0000000e+00
0.0000000e+00
0.0000000e+00
0.0000000e+00
0.0000000e+00
7.9361153e-04
0.0000000e+00
0.0000000e+00
0.0000000e+00
0.0000000e+00
0.0000000e+00
0.0000000e+00
0.0000000e+00
3.1030943e-03
0.0000000e+00
0.0000000e+00
0.0000000e+00
0.0000000e+00
0.0000000e+00
0.0000000e+00
0.0000000e+00
0.0000000e+00
0.0000000e+00
0.0000000e+00
0.0000000e+00
0.0000000e+00
0.0000000e+00
0.0000000e+00
0.0000000e+00
0.0000000e+00
0.0000000e+00
0.0000000e+00
0.0000000e+00
0.0000000e+00
6.0117450e-03
0.0000000e+00
0.0000000e+00
0.0000000e+00
0.0000000e+00
0.0000000e+00
0.0000000e+00
0.0000000e+00
1.2109671e-03
0.0000000e+00
0.0000000e+00
0.0000000e+00
0.0000000e+00
0.0000000e+00
0.0000000e+00
0.0000000e+00
0.0000000e+00
0.0000000e+00
0.0000000e+00
0.0000000e+00
0.0000000e+00
0.0000000e+00
0.0000000e+00
0.0000000e+00
4.9209577e-03
0.0000000e+00
0.0000000e+00
0.0000000e+00
0.0000000e+00
0.0000000e+00
0.0000000e+00
0.0000000e+00
0.0000000e+00
0.0000000e+00
0.0000000e+00
0.0000000e+00
0.0000000e+00
0.0000000e+00
0.0000000e+00
6.4264428e-03
0.0000000e+00
0.0000000e+00
0.0000000e+00
0.0000000e+00
0.0000000e+00
0.0000000e+00
0.0000000e+00
2.7940106e-03
0.0000000e+00
0.0000000e+00
0.0000000e+00
0.0000000e+00
0.0000000e+00
0.0000000e+00
0.0000000e+00
0.0000000e+00
0.0000000e+00
0.0000000e+00
0.0000000e+00
0.0000000e+00
0.0000000e+00
0.0000000e+00
0.0000000e+00
0.0000000e+00
0.0000000e+00
0.0000000e+00
0.0000000e+00
0.0000000e+00
0.0000000e+00
0.0000000e+00
0.0000000e+00
0.0000000e+00
0.0000000e+00
3.6943632e-03
0.0000000e+00
0.0000000e+00
0.0000000e+00
0.0000000e+00
0.0000000e+00
0.0000000e+00
0.0000000e+00
0.0000000e+00
0.0000000e+00
0.0000000e+00
1.9943632e-03
0.0000000e+00
0.0000000e+00
0.0000000e+00
0.0000000e+00
0.0000000e+00
0.0000000e+00
0.0000000e+00
0.0000000e+00
0.0000000e+00
0.0000000e+00
0.0000000e+00
0.0000000e+00
5.8157839e-03
0.0000000e+00
0.0000000e+00
0.0000000e+00
0.0000000e+00
0.0000000e+00
0.0000000e+00
0.0000000e+00
0.0000000e+00
0.0000000e+00
0.0000000e+00
0.0000000e+00
2.1953983e-03
0.0000000e+00
0.0000000e+00
0.0000000e+00
0.0000000e+00
0.0000000e+00
0.0000000e+00
0.0000000e+00
0.0000000e+00
0.0000000e+00
0.0000000e+00
0.0000000e+00
0.0000000e+00
0.0000000e+00
0.0000000e+00
0.0000000e+00
0.0000000e+00
0.0000000e+00
0.0000000e+00
0.0000000e+00
0.0000000e+00
0.0000000e+00
0.0000000e+00
0.0000000e+00
5.8058433e-03
0.0000000e+00
0.0000000e+00
0.0000000e+00
0.0000000e+00
0.0000000e+00
0.0000000e+00
0.0000000e+00
0.0000000e+00
0.0000000e+00
0.0000000e+00
0.0000000e+00
0.0000000e+00
0.0000000e+00
0.0000000e+00
0.0000000e+00
0.0000000e+00
0.0000000e+00
0.0000000e+00
0.0000000e+00
3.0771842e-03
0.0000000e+00
0.0000000e+00
0.0000000e+00
0.0000000e+00
0.0000000e+00
1.4709762e-05
0.0000000e+00
0.0000000e+00
0.0000000e+00
0.0000000e+00
0.0000000e+00
0.0000000e+00
3.6835765e-03
0.0000000e+00
0.0000000e+00
0.0000000e+00
0.0000000e+00
0.0000000e+00
2.6853689e-03
0.0000000e+00
0.0000000e+00
0.0000000e+00
0.0000000e+00
0.0000000e+00
0.0000000e+00
0.0000000e+00
0.0000000e+00
0.0000000e+00
0.0000000e+00
0.0000000e+00
0.0000000e+00
0.0000000e+00
0.0000000e+00
0.0000000e+00
0.0000000e+00
0.0000000e+00
0.0000000e+00
0.0000000e+00
0.0000000e+00
0.0000000e+00
0.0000000e+00
3.6810060e-03
0.0000000e+00
0.0000000e+00
0.0000000e+00
0.0000000e+00
0.0000000e+00
0.0000000e+00
0.0000000e+00
0.0000000e+00
0.0000000e+00
0.0000000e+00
5.5834522e-03
0.0000000e+00
0.0000000e+00
0.0000000e+00
0.0000000e+00
0.0000000e+00
0.0000000e+00
0.0000000e+00
0.0000000e+00
0.0000000e+00
0.0000000e+00
0.0000000e+00
0.0000000e+00
0.0000000e+00
0.0000000e+00
0.0000000e+00
0.0000000e+00
0.0000000e+00
0.0000000e+00
0.0000000e+00
0.0000000e+00
0.0000000e+00
0.0000000e+00
0.0000000e+00
0.0000000e+00
0.0000000e+00
0.0000000e+00
0.0000000e+00
2.7998786e-03
0.0000000e+00
0.0000000e+00
0.0000000e+00
0.0000000e+00
0.0000000e+00
0.0000000e+00
0.0000000e+00
0.0000000e+00
1.1936116e-03
0.0000000e+00
0.0000000e+00
0.0000000e+00
0.0000000e+00
0.0000000e+00
0.0000000e+00
0.0000000e+00
1.8107422e-03
0.0000000e+00
0.0000000e+00
0.0000000e+00
0.0000000e+00
0.0000000e+00
0.0000000e+00
2.8038908e-05
6.4313181e-05
0.0000000e+00
0.0000000e+00
0.0000000e+00
0.0000000e+00
0.0000000e+00
0.0000000e+00
0.0000000e+00
0.0000000e+00
1.2255889e-05
0.0000000e+00
0.0000000e+00
0.0000000e+00
6.8745839e-03
3.5872348e-05
0.0000000e+00
0.0000000e+00
0.0000000e+00
0.0000000e+00
0.0000000e+00
0.0000000e+00
0.0000000e+00
0.0000000e+00
0.0000000e+00
0.0000000e+00
0.0000000e+00
0.0000000e+00
0.0000000e+00
0.0000000e+00
0.0000000e+00
0.0000000e+00
0.0000000e+00
0.0000000e+00
0.0000000e+00
0.0000000e+00
0.0000000e+00
0.0000000e+00
5.6231679e-03
9.7789930e-05
0.0000000e+00
0.0000000e+00
4.0964450e-05
0.0000000e+00
0.0000000e+00
0.0000000e+00
0.0000000e+00
0.0000000e+00
0.0000000e+00
0.0000000e+00
0.0000000e+00
0.0000000e+00
0.0000000e+00
5.9854786e-03
0.0000000e+00
0.0000000e+00
0.0000000e+00
0.0000000e+00
0.0000000e+00
0.0000000e+00
0.0000000e+00
0.0000000e+00
0.0000000e+00
0.0000000e+00
0.0000000e+00
0.0000000e+00
0.0000000e+00
0.0000000e+00
0.0000000e+00
0.0000000e+00
0.0000000e+00
0.0000000e+00
0.0000000e+00
0.0000000e+00
0.0000000e+00
0.0000000e+00
0.0000000e+00
0.0000000e+00
0.0000000e+00
0.0000000e+00
0.0000000e+00
0.0000000e+00
0.0000000e+00
0.0000000e+00
0.0000000e+00
0.0000000e+00
0.0000000e+00
2.0943632e-03
0.0000000e+00
0.0000000e+00
0.0000000e+00
0.0000000e+00
0.0000000e+00
0.0000000e+00
0.0000000e+00
0.0000000e+00
0.0000000e+00
0.0000000e+00
3.2943631e-03
0.0000000e+00
0.0000000e+00
0.0000000e+00
0.0000000e+00
0.0000000e+00
0.0000000e+00
0.0000000e+00
0.0000000e+00
0.0000000e+00
0.0000000e+00
0.0000000e+00
0.0000000e+00
5.5157839e-03
0.0000000e+00
0.0000000e+00
0.0000000e+00
0.0000000e+00
0.0000000e+00
0.0000000e+00
0.0000000e+00
0.0000000e+00
0.0000000e+00
0.0000000e+00
0.0000000e+00
2.3953985e-03
0.0000000e+00
0.0000000e+00
0.0000000e+00
0.0000000e+00
0.0000000e+00
0.0000000e+00
0.0000000e+00
0.0000000e+00
0.0000000e+00
0.0000000e+00
0.0000000e+00
0.0000000e+00
0.0000000e+00
0.0000000e+00
0.0000000e+00
0.0000000e+00
0.0000000e+00
0.0000000e+00
0.0000000e+00
0.0000000e+00
0.0000000e+00
0.0000000e+00
0.0000000e+00
4.8058436e-03
0.0000000e+00
0.0000000e+00
0.0000000e+00
0.0000000e+00
0.0000000e+00
0.0000000e+00
0.0000000e+00
0.0000000e+00
0.0000000e+00
0.0000000e+00
0.0000000e+00
0.0000000e+00
3.0771842e-03
0.0000000e+00
0.0000000e+00
0.0000000e+00
0.0000000e+00
0.0000000e+00
0.0000000e+00
0.0000000e+00
0.0000000e+00
0.0000000e+00
0.0000000e+00
0.0000000e+00
0.0000000e+00
0.0000000e+00
0.0000000e+00
0.0000000e+00
0.0000000e+00
0.0000000e+00
0.0000000e+00
0.0000000e+00
5.1982862e-03
0.0000000e+00
0.0000000e+00
0.0000000e+00
0.0000000e+00
0.0000000e+00
4.6853688e-03
0.0000000e+00
0.0000000e+00
0.0000000e+00
0.0000000e+00
0.0000000e+00
0.0000000e+00
0.0000000e+00
0.0000000e+00
0.0000000e+00
0.0000000e+00
0.0000000e+00
0.0000000e+00
0.0000000e+00
0.0000000e+00
0.0000000e+00
0.0000000e+00
0.0000000e+00
0.0000000e+00
0.0000000e+00
0.0000000e+00
0.0000000e+00
0.0000000e+00
0.0000000e+00
0.0000000e+00
0.0000000e+00
0.0000000e+00
0.0000000e+00
0.0000000e+00
0.0000000e+00
0.0000000e+00
0.0000000e+00
0.0000000e+00
0.0000000e+00
4.7834526e-03
0.0000000e+00
0.0000000e+00
0.0000000e+00
0.0000000e+00
0.0000000e+00
0.0000000e+00
0.0000000e+00
0.0000000e+00
0.0000000e+00
0.0000000e+00
0.0000000e+00
0.0000000e+00
0.0000000e+00
0.0000000e+00
0.0000000e+00
0.0000000e+00
0.0000000e+00
0.0000000e+00
0.0000000e+00
0.0000000e+00
0.0000000e+00
0.0000000e+00
0.0000000e+00
0.0000000e+00
0.0000000e+00
0.0000000e+00
0.0000000e+00
2.2998787e-03
0.0000000e+00
0.0000000e+00
0.0000000e+00
0.0000000e+00
0.0000000e+00
0.0000000e+00
0.0000000e+00
0.0000000e+00
1.5936115e-03
0.0000000e+00
0.0000000e+00
0.0000000e+00
0.0000000e+00
0.0000000e+00
0.0000000e+00
0.0000000e+00
2.3030943e-03
0.0000000e+00
0.0000000e+00
0.0000000e+00
0.0000000e+00
0.0000000e+00
0.0000000e+00
0.0000000e+00
0.0000000e+00
0.0000000e+00
0.0000000e+00
0.0000000e+00
0.0000000e+00
0.0000000e+00
0.0000000e+00
0.0000000e+00
0.0000000e+00
5.0576420e-05
0.0000000e+00
0.0000000e+00
0.0000000e+00
5.5725377e-03
0.0000000e+00
0.0000000e+00
0.0000000e+00
0.0000000e+00
0.0000000e+00
0.0000000e+00
1.2995980e-03
0.0000000e+00
0.0000000e+00
0.0000000e+00
0.0000000e+00
2.8312580e-05
0.0000000e+00
0.0000000e+00
0.0000000e+00
0.0000000e+00
0.0000000e+00
0.0000000e+00
0.0000000e+00
0.0000000e+00
0.0000000e+00
0.0000000e+00
0.0000000e+00
6.2926451e-03
0.0000000e+00
0.0000000e+00
0.0000000e+00
0.0000000e+00
0.0000000e+00
0.0000000e+00
0.0000000e+00
0.0000000e+00
0.0000000e+00
0.0000000e+00
0.0000000e+00
0.0000000e+00
0.0000000e+00
0.0000000e+00
4.8264432e-03
0.0000000e+00
0.0000000e+00
0.0000000e+00
0.0000000e+00
0.0000000e+00
0.0000000e+00
0.0000000e+00
1.9940108e-03
0.0000000e+00
0.0000000e+00
0.0000000e+00
0.0000000e+00
0.0000000e+00
0.0000000e+00
0.0000000e+00
0.0000000e+00
0.0000000e+00
0.0000000e+00
0.0000000e+00
0.0000000e+00
0.0000000e+00
0.0000000e+00
0.0000000e+00
0.0000000e+00
0.0000000e+00
0.0000000e+00
0.0000000e+00
0.0000000e+00
0.0000000e+00
0.0000000e+00
0.0000000e+00
0.0000000e+00
0.0000000e+00
3.3943633e-03
0.0000000e+00
0.0000000e+00
0.0000000e+00
0.0000000e+00
0.0000000e+00
0.0000000e+00
0.0000000e+00
0.0000000e+00
0.0000000e+00
0.0000000e+00
2.3943632e-03
0.0000000e+00
0.0000000e+00
0.0000000e+00
0.0000000e+00
0.0000000e+00
0.0000000e+00
0.0000000e+00
0.0000000e+00
0.0000000e+00
0.0000000e+00
0.0000000e+00
0.0000000e+00
4.5157838e-03
0.0000000e+00
0.0000000e+00
0.0000000e+00
0.0000000e+00
0.0000000e+00
0.0000000e+00
0.0000000e+00
0.0000000e+00
0.0000000e+00
0.0000000e+00
0.0000000e+00
2.4953983e-03
0.0000000e+00
0.0000000e+00
0.0000000e+00
0.0000000e+00
0.0000000e+00
0.0000000e+00
0.0000000e+00
0.0000000e+00
0.0000000e+00
0.0000000e+00
0.0000000e+00
0.0000000e+00
0.0000000e+00
0.0000000e+00
7.1525970e-06
0.0000000e+00
0.0000000e+00
2.5289734e-05
0.0000000e+00
0.0000000e+00
0.0000000e+00
0.0000000e+00
0.0000000e+00
4.7734013e-03
0.0000000e+00
0.0000000e+00
0.0000000e+00
0.0000000e+00
0.0000000e+00
0.0000000e+00
0.0000000e+00
0.0000000e+00
0.0000000e+00
0.0000000e+00
0.0000000e+00
0.0000000e+00
2.5771841e-03
0.0000000e+00
0.0000000e+00
0.0000000e+00
0.0000000e+00
0.0000000e+00
0.0000000e+00
0.0000000e+00
0.0000000e+00
0.0000000e+00
0.0000000e+00
0.0000000e+00
0.0000000e+00
0.0000000e+00
0.0000000e+00
0.0000000e+00
0.0000000e+00
0.0000000e+00
0.0000000e+00
3.4633451e-04
2.8828305e-03
0.0000000e+00
0.0000000e+00
6.9121172e-05
0.0000000e+00
0.0000000e+00
2.7853688e-03
0.0000000e+00
0.0000000e+00
0.0000000e+00
0.0000000e+00
0.0000000e+00
0.0000000e+00
0.0000000e+00
0.0000000e+00
0.0000000e+00
0.0000000e+00
0.0000000e+00
0.0000000e+00
0.0000000e+00
0.0000000e+00
0.0000000e+00
0.0000000e+00
0.0000000e+00
0.0000000e+00
0.0000000e+00
0.0000000e+00
0.0000000e+00
0.0000000e+00
0.0000000e+00
0.0000000e+00
0.0000000e+00
0.0000000e+00
0.0000000e+00
0.0000000e+00
0.0000000e+00
0.0000000e+00
0.0000000e+00
0.0000000e+00
0.0000000e+00
4.7834526e-03
0.0000000e+00
0.0000000e+00
0.0000000e+00
0.0000000e+00
0.0000000e+00
0.0000000e+00
0.0000000e+00
0.0000000e+00
0.0000000e+00
0.0000000e+00
0.0000000e+00
0.0000000e+00
0.0000000e+00
0.0000000e+00
0.0000000e+00
0.0000000e+00
0.0000000e+00
0.0000000e+00
0.0000000e+00
0.0000000e+00
0.0000000e+00
0.0000000e+00
0.0000000e+00
0.0000000e+00
0.0000000e+00
0.0000000e+00
0.0000000e+00
4.5998788e-03
0.0000000e+00
0.0000000e+00
0.0000000e+00
0.0000000e+00
0.0000000e+00
0.0000000e+00
0.0000000e+00
0.0000000e+00
0.0000000e+00
0.0000000e+00
0.0000000e+00
0.0000000e+00
0.0000000e+00
0.0000000e+00
0.0000000e+00
0.0000000e+00
2.9030942e-03
0.0000000e+00
0.0000000e+00
0.0000000e+00
0.0000000e+00
0.0000000e+00
0.0000000e+00
0.0000000e+00
0.0000000e+00
0.0000000e+00
0.0000000e+00
0.0000000e+00
0.0000000e+00
0.0000000e+00
0.0000000e+00
0.0000000e+00
0.0000000e+00
0.0000000e+00
0.0000000e+00
0.0000000e+00
0.0000000e+00
7.2073810e-03
0.0000000e+00
1.1533144e-04
0.0000000e+00
0.0000000e+00
0.0000000e+00
0.0000000e+00
0.0000000e+00
0.0000000e+00
0.0000000e+00
0.0000000e+00
0.0000000e+00
0.0000000e+00
0.0000000e+00
0.0000000e+00
0.0000000e+00
0.0000000e+00
0.0000000e+00
0.0000000e+00
0.0000000e+00
0.0000000e+00
0.0000000e+00
0.0000000e+00
0.0000000e+00
6.1178864e-03
3.0711980e-06
0.0000000e+00
0.0000000e+00
0.0000000e+00
0.0000000e+00
0.0000000e+00
0.0000000e+00
0.0000000e+00
0.0000000e+00
0.0000000e+00
0.0000000e+00
0.0000000e+00
0.0000000e+00
0.0000000e+00
5.9264432e-03
0.0000000e+00
0.0000000e+00
0.0000000e+00
0.0000000e+00
0.0000000e+00
0.0000000e+00
0.0000000e+00
5.0940109e-03
0.0000000e+00
0.0000000e+00
0.0000000e+00
0.0000000e+00
0.0000000e+00
0.0000000e+00
0.0000000e+00
0.0000000e+00
0.0000000e+00
0.0000000e+00
0.0000000e+00
0.0000000e+00
0.0000000e+00
0.0000000e+00
0.0000000e+00
0.0000000e+00
0.0000000e+00
0.0000000e+00
0.0000000e+00
0.0000000e+00
0.0000000e+00
0.0000000e+00
0.0000000e+00
0.0000000e+00
0.0000000e+00
2.6943633e-03
0.0000000e+00
0.0000000e+00
0.0000000e+00
0.0000000e+00
0.0000000e+00
0.0000000e+00
0.0000000e+00
0.0000000e+00
0.0000000e+00
0.0000000e+00
2.5943631e-03
0.0000000e+00
0.0000000e+00
0.0000000e+00
0.0000000e+00
0.0000000e+00
0.0000000e+00
0.0000000e+00
0.0000000e+00
0.0000000e+00
0.0000000e+00
3.3486297e-05
0.0000000e+00
4.0822977e-03
0.0000000e+00
0.0000000e+00
0.0000000e+00
0.0000000e+00
0.0000000e+00
0.0000000e+00
0.0000000e+00
0.0000000e+00
0.0000000e+00
0.0000000e+00
0.0000000e+00
1.1953984e-03
0.0000000e+00
0.0000000e+00
0.0000000e+00
0.0000000e+00
0.0000000e+00
0.0000000e+00
0.0000000e+00
0.0000000e+00
0.0000000e+00
0.0000000e+00
0.0000000e+00
0.0000000e+00
0.0000000e+00
0.0000000e+00
0.0000000e+00
0.0000000e+00
0.0000000e+00
0.0000000e+00
0.0000000e+00
0.0000000e+00
0.0000000e+00
9.7838282e-05
0.0000000e+00
2.2080052e-03
0.0000000e+00
0.0000000e+00
0.0000000e+00
0.0000000e+00
0.0000000e+00
0.0000000e+00
0.0000000e+00
0.0000000e+00
0.0000000e+00
0.0000000e+00
0.0000000e+00
0.0000000e+00
4.8771842e-03
0.0000000e+00
0.0000000e+00
0.0000000e+00
0.0000000e+00
0.0000000e+00
0.0000000e+00
0.0000000e+00
0.0000000e+00
0.0000000e+00
0.0000000e+00
0.0000000e+00
0.0000000e+00
0.0000000e+00
0.0000000e+00
0.0000000e+00
0.0000000e+00
0.0000000e+00
0.0000000e+00
0.0000000e+00
1.9982863e-03
0.0000000e+00
0.0000000e+00
0.0000000e+00
0.0000000e+00
0.0000000e+00
3.5758788e-03
0.0000000e+00
0.0000000e+00
0.0000000e+00
0.0000000e+00
0.0000000e+00
0.0000000e+00
9.4899936e-06
0.0000000e+00
0.0000000e+00
0.0000000e+00
0.0000000e+00
0.0000000e+00
0.0000000e+00
0.0000000e+00
0.0000000e+00
0.0000000e+00
0.0000000e+00
0.0000000e+00
0.0000000e+00
0.0000000e+00
0.0000000e+00
0.0000000e+00
1.1810061e-03
0.0000000e+00
0.0000000e+00
0.0000000e+00
0.0000000e+00
0.0000000e+00
0.0000000e+00
0.0000000e+00
0.0000000e+00
0.0000000e+00
0.0000000e+00
4.3834524e-03
0.0000000e+00
0.0000000e+00
0.0000000e+00
0.0000000e+00
0.0000000e+00
0.0000000e+00
0.0000000e+00
0.0000000e+00
0.0000000e+00
0.0000000e+00
0.0000000e+00
0.0000000e+00
0.0000000e+00
0.0000000e+00
0.0000000e+00
0.0000000e+00
0.0000000e+00
0.0000000e+00
0.0000000e+00
1.3117319e-05
0.0000000e+00
0.0000000e+00
0.0000000e+00
0.0000000e+00
0.0000000e+00
0.0000000e+00
3.1254456e-05
2.2555070e-03
0.0000000e+00
0.0000000e+00
0.0000000e+00
0.0000000e+00
0.0000000e+00
0.0000000e+00
0.0000000e+00
0.0000000e+00
1.0936115e-03
0.0000000e+00
0.0000000e+00
0.0000000e+00
0.0000000e+00
0.0000000e+00
0.0000000e+00
0.0000000e+00
7.2030941e-03
0.0000000e+00
0.0000000e+00
0.0000000e+00
0.0000000e+00
0.0000000e+00
0.0000000e+00
0.0000000e+00
0.0000000e+00
0.0000000e+00
0.0000000e+00
0.0000000e+00
0.0000000e+00
0.0000000e+00
0.0000000e+00
0.0000000e+00
0.0000000e+00
0.0000000e+00
4.4695172e-05
0.0000000e+00
0.0000000e+00
6.8775048e-03
0.0000000e+00
0.0000000e+00
5.1220226e-07
0.0000000e+00
0.0000000e+00
0.0000000e+00
0.0000000e+00
0.0000000e+00
0.0000000e+00
0.0000000e+00
0.0000000e+00
0.0000000e+00
0.0000000e+00
0.0000000e+00
0.0000000e+00
0.0000000e+00
0.0000000e+00
0.0000000e+00
0.0000000e+00
0.0000000e+00
0.0000000e+00
0.0000000e+00
0.0000000e+00
6.5209578e-03
0.0000000e+00
0.0000000e+00
0.0000000e+00
0.0000000e+00
2.2827313e-05
0.0000000e+00
0.0000000e+00
0.0000000e+00
0.0000000e+00
6.8031964e-06
0.0000000e+00
7.7238724e-05
0.0000000e+00
0.0000000e+00
5.9195738e-03
0.0000000e+00
0.0000000e+00
0.0000000e+00
0.0000000e+00
0.0000000e+00
0.0000000e+00
0.0000000e+00
4.9940106e-03
0.0000000e+00
0.0000000e+00
0.0000000e+00
0.0000000e+00
0.0000000e+00
0.0000000e+00
0.0000000e+00
0.0000000e+00
0.0000000e+00
0.0000000e+00
0.0000000e+00
0.0000000e+00
0.0000000e+00
0.0000000e+00
0.0000000e+00
0.0000000e+00
0.0000000e+00
0.0000000e+00
0.0000000e+00
0.0000000e+00
0.0000000e+00
0.0000000e+00
0.0000000e+00
0.0000000e+00
0.0000000e+00
1.8943633e-03
0.0000000e+00
0.0000000e+00
0.0000000e+00
0.0000000e+00
0.0000000e+00
0.0000000e+00
0.0000000e+00
0.0000000e+00
0.0000000e+00
0.0000000e+00
1.8943631e-03
0.0000000e+00
0.0000000e+00
0.0000000e+00
0.0000000e+00
0.0000000e+00
0.0000000e+00
0.0000000e+00
0.0000000e+00
0.0000000e+00
0.0000000e+00
0.0000000e+00
0.0000000e+00
4.5157838e-03
0.0000000e+00
0.0000000e+00
0.0000000e+00
0.0000000e+00
0.0000000e+00
0.0000000e+00
0.0000000e+00
0.0000000e+00
0.0000000e+00
0.0000000e+00
0.0000000e+00
3.5953983e-03
0.0000000e+00
0.0000000e+00
0.0000000e+00
0.0000000e+00
0.0000000e+00
0.0000000e+00
0.0000000e+00
0.0000000e+00
0.0000000e+00
0.0000000e+00
0.0000000e+00
0.0000000e+00
0.0000000e+00
0.0000000e+00
0.0000000e+00
0.0000000e+00
0.0000000e+00
0.0000000e+00
0.0000000e+00
0.0000000e+00
0.0000000e+00
0.0000000e+00
0.0000000e+00
2.9058434e-03
0.0000000e+00
0.0000000e+00
0.0000000e+00
0.0000000e+00
0.0000000e+00
0.0000000e+00
0.0000000e+00
0.0000000e+00
0.0000000e+00
0.0000000e+00
0.0000000e+00
0.0000000e+00
2.3771842e-03
0.0000000e+00
0.0000000e+00
0.0000000e+00
0.0000000e+00
0.0000000e+00
0.0000000e+00
0.0000000e+00
0.0000000e+00
0.0000000e+00
0.0000000e+00
0.0000000e+00
0.0000000e+00
0.0000000e+00
0.0000000e+00
0.0000000e+00
0.0000000e+00
0.0000000e+00
0.0000000e+00
0.0000000e+00
6.6982860e-03
0.0000000e+00
0.0000000e+00
0.0000000e+00
0.0000000e+00
0.0000000e+00
2.6847016e-03
2.0066719e-04
0.0000000e+00
0.0000000e+00
0.0000000e+00
0.0000000e+00
0.0000000e+00
0.0000000e+00
0.0000000e+00
0.0000000e+00
0.0000000e+00
0.0000000e+00
0.0000000e+00
0.0000000e+00
0.0000000e+00
0.0000000e+00
0.0000000e+00
0.0000000e+00
0.0000000e+00
0.0000000e+00
0.0000000e+00
0.0000000e+00
0.0000000e+00
1.5810060e-03
0.0000000e+00
0.0000000e+00
0.0000000e+00
0.0000000e+00
0.0000000e+00
0.0000000e+00
0.0000000e+00
0.0000000e+00
0.0000000e+00
0.0000000e+00
5.0834526e-03
0.0000000e+00
0.0000000e+00
0.0000000e+00
0.0000000e+00
0.0000000e+00
0.0000000e+00
0.0000000e+00
0.0000000e+00
0.0000000e+00
0.0000000e+00
0.0000000e+00
0.0000000e+00
0.0000000e+00
0.0000000e+00
0.0000000e+00
0.0000000e+00
0.0000000e+00
0.0000000e+00
0.0000000e+00
0.0000000e+00
0.0000000e+00
0.0000000e+00
0.0000000e+00
0.0000000e+00
0.0000000e+00
0.0000000e+00
0.0000000e+00
1.0998787e-03
0.0000000e+00
0.0000000e+00
0.0000000e+00
0.0000000e+00
0.0000000e+00
0.0000000e+00
0.0000000e+00
0.0000000e+00
6.9361153e-04
0.0000000e+00
0.0000000e+00
0.0000000e+00
0.0000000e+00
0.0000000e+00
0.0000000e+00
0.0000000e+00
3.1030943e-03
0.0000000e+00
0.0000000e+00
0.0000000e+00
0.0000000e+00
0.0000000e+00
0.0000000e+00
0.0000000e+00
0.0000000e+00
0.0000000e+00
0.0000000e+00
0.0000000e+00
0.0000000e+00
0.0000000e+00
0.0000000e+00
0.0000000e+00
0.0000000e+00
0.0000000e+00
0.0000000e+00
0.0000000e+00
0.0000000e+00
5.5159442e-03
0.0000000e+00
0.0000000e+00
0.0000000e+00
0.0000000e+00
0.0000000e+00
0.0000000e+00
0.0000000e+00
1.9067680e-03
0.0000000e+00
0.0000000e+00
0.0000000e+00
0.0000000e+00
0.0000000e+00
0.0000000e+00
0.0000000e+00
0.0000000e+00
0.0000000e+00
0.0000000e+00
0.0000000e+00
0.0000000e+00
0.0000000e+00
0.0000000e+00
0.0000000e+00
4.9209577e-03
0.0000000e+00
0.0000000e+00
0.0000000e+00
0.0000000e+00
0.0000000e+00
0.0000000e+00
0.0000000e+00
0.0000000e+00
0.0000000e+00
0.0000000e+00
0.0000000e+00
0.0000000e+00
0.0000000e+00
0.0000000e+00
6.3264430e-03
0.0000000e+00
0.0000000e+00
0.0000000e+00
0.0000000e+00
0.0000000e+00
0.0000000e+00
0.0000000e+00
2.0940107e-03
0.0000000e+00
0.0000000e+00
0.0000000e+00
0.0000000e+00
0.0000000e+00
0.0000000e+00
0.0000000e+00
0.0000000e+00
0.0000000e+00
0.0000000e+00
0.0000000e+00
0.0000000e+00
0.0000000e+00
0.0000000e+00
0.0000000e+00
0.0000000e+00
0.0000000e+00
0.0000000e+00
0.0000000e+00
0.0000000e+00
0.0000000e+00
0.0000000e+00
0.0000000e+00
0.0000000e+00
0.0000000e+00
4.4943631e-03
0.0000000e+00
0.0000000e+00
0.0000000e+00
0.0000000e+00
0.0000000e+00
0.0000000e+00
0.0000000e+00
0.0000000e+00
0.0000000e+00
0.0000000e+00
2.6943632e-03
0.0000000e+00
0.0000000e+00
0.0000000e+00
0.0000000e+00
0.0000000e+00
0.0000000e+00
0.0000000e+00
0.0000000e+00
0.0000000e+00
0.0000000e+00
0.0000000e+00
0.0000000e+00
4.6157841e-03
0.0000000e+00
0.0000000e+00
0.0000000e+00
0.0000000e+00
0.0000000e+00
0.0000000e+00
0.0000000e+00
0.0000000e+00
0.0000000e+00
0.0000000e+00
0.0000000e+00
3.9953985e-03
0.0000000e+00
0.0000000e+00
0.0000000e+00
0.0000000e+00
0.0000000e+00
0.0000000e+00
0.0000000e+00
0.0000000e+00
0.0000000e+00
0.0000000e+00
0.0000000e+00
0.0000000e+00
0.0000000e+00
0.0000000e+00
0.0000000e+00
0.0000000e+00
0.0000000e+00
0.0000000e+00
0.0000000e+00
0.0000000e+00
0.0000000e+00
0.0000000e+00
0.0000000e+00
3.6058433e-03
0.0000000e+00
0.0000000e+00
0.0000000e+00
0.0000000e+00
0.0000000e+00
0.0000000e+00
0.0000000e+00
0.0000000e+00
0.0000000e+00
0.0000000e+00
0.0000000e+00
0.0000000e+00
1.2771841e-03
0.0000000e+00
0.0000000e+00
0.0000000e+00
0.0000000e+00
0.0000000e+00
0.0000000e+00
0.0000000e+00
0.0000000e+00
0.0000000e+00
0.0000000e+00
0.0000000e+00
0.0000000e+00
0.0000000e+00
0.0000000e+00
0.0000000e+00
0.0000000e+00
0.0000000e+00
0.0000000e+00
0.0000000e+00
3.3982863e-03
0.0000000e+00
0.0000000e+00
0.0000000e+00
0.0000000e+00
0.0000000e+00
1.7853688e-03
0.0000000e+00
0.0000000e+00
0.0000000e+00
0.0000000e+00
0.0000000e+00
0.0000000e+00
0.0000000e+00
0.0000000e+00
0.0000000e+00
0.0000000e+00
0.0000000e+00
0.0000000e+00
0.0000000e+00
0.0000000e+00
0.0000000e+00
0.0000000e+00
0.0000000e+00
0.0000000e+00
0.0000000e+00
0.0000000e+00
0.0000000e+00
0.0000000e+00
1.1810061e-03
0.0000000e+00
0.0000000e+00
0.0000000e+00
0.0000000e+00
0.0000000e+00
0.0000000e+00
0.0000000e+00
0.0000000e+00
0.0000000e+00
1.8388579e-03
1.8445945e-03
0.0000000e+00
0.0000000e+00
0.0000000e+00
0.0000000e+00
0.0000000e+00
0.0000000e+00
0.0000000e+00
0.0000000e+00
0.0000000e+00
0.0000000e+00
0.0000000e+00
0.0000000e+00
0.0000000e+00
0.0000000e+00
0.0000000e+00
0.0000000e+00
0.0000000e+00
0.0000000e+00
0.0000000e+00
0.0000000e+00
0.0000000e+00
0.0000000e+00
0.0000000e+00
0.0000000e+00
0.0000000e+00
0.0000000e+00
0.0000000e+00
1.9998788e-03
0.0000000e+00
0.0000000e+00
0.0000000e+00
0.0000000e+00
0.0000000e+00
0.0000000e+00
0.0000000e+00
0.0000000e+00
1.0936115e-03
0.0000000e+00
0.0000000e+00
0.0000000e+00
0.0000000e+00
0.0000000e+00
0.0000000e+00
0.0000000e+00
7.2030941e-03
0.0000000e+00
0.0000000e+00
0.0000000e+00
0.0000000e+00
0.0000000e+00
0.0000000e+00
0.0000000e+00
0.0000000e+00
0.0000000e+00
0.0000000e+00
0.0000000e+00
0.0000000e+00
0.0000000e+00
0.0000000e+00
0.0000000e+00
0.0000000e+00
0.0000000e+00
0.0000000e+00
0.0000000e+00
0.0000000e+00
7.1227123e-03
0.0000000e+00
0.0000000e+00
0.0000000e+00
0.0000000e+00
0.0000000e+00
0.0000000e+00
0.0000000e+00
0.0000000e+00
0.0000000e+00
0.0000000e+00
0.0000000e+00
0.0000000e+00
0.0000000e+00
0.0000000e+00
0.0000000e+00
0.0000000e+00
0.0000000e+00
0.0000000e+00
1.0569316e-04
0.0000000e+00
0.0000000e+00
0.0000000e+00
0.0000000e+00
5.2152644e-03
0.0000000e+00
0.0000000e+00
0.0000000e+00
0.0000000e+00
0.0000000e+00
0.0000000e+00
0.0000000e+00
0.0000000e+00
0.0000000e+00
0.0000000e+00
0.0000000e+00
0.0000000e+00
0.0000000e+00
0.0000000e+00
6.4264428e-03
0.0000000e+00
0.0000000e+00
0.0000000e+00
0.0000000e+00
0.0000000e+00
0.0000000e+00
0.0000000e+00
1.3940107e-03
0.0000000e+00
0.0000000e+00
0.0000000e+00
0.0000000e+00
0.0000000e+00
0.0000000e+00
0.0000000e+00
0.0000000e+00
0.0000000e+00
0.0000000e+00
0.0000000e+00
0.0000000e+00
0.0000000e+00
0.0000000e+00
0.0000000e+00
0.0000000e+00
0.0000000e+00
0.0000000e+00
0.0000000e+00
0.0000000e+00
0.0000000e+00
0.0000000e+00
0.0000000e+00
0.0000000e+00
0.0000000e+00
1.3943632e-03
0.0000000e+00
0.0000000e+00
0.0000000e+00
0.0000000e+00
0.0000000e+00
0.0000000e+00
0.0000000e+00
0.0000000e+00
0.0000000e+00
0.0000000e+00
6.9943633e-03
0.0000000e+00
0.0000000e+00
0.0000000e+00
0.0000000e+00
0.0000000e+00
0.0000000e+00
0.0000000e+00
1.5349160e-05
0.0000000e+00
0.0000000e+00
0.0000000e+00
0.0000000e+00
4.6004349e-03
0.0000000e+00
0.0000000e+00
0.0000000e+00
0.0000000e+00
0.0000000e+00
0.0000000e+00
0.0000000e+00
0.0000000e+00
0.0000000e+00
0.0000000e+00
0.0000000e+00
2.3953985e-03
0.0000000e+00
0.0000000e+00
0.0000000e+00
0.0000000e+00
0.0000000e+00
0.0000000e+00
0.0000000e+00
0.0000000e+00
0.0000000e+00
0.0000000e+00
0.0000000e+00
0.0000000e+00
0.0000000e+00
0.0000000e+00
0.0000000e+00
0.0000000e+00
0.0000000e+00
0.0000000e+00
0.0000000e+00
0.0000000e+00
6.1564008e-05
0.0000000e+00
0.0000000e+00
6.2442794e-03
0.0000000e+00
0.0000000e+00
0.0000000e+00
0.0000000e+00
0.0000000e+00
0.0000000e+00
0.0000000e+00
0.0000000e+00
0.0000000e+00
0.0000000e+00
0.0000000e+00
0.0000000e+00
4.9661209e-03
1.1063131e-05
0.0000000e+00
0.0000000e+00
0.0000000e+00
0.0000000e+00
0.0000000e+00
0.0000000e+00
0.0000000e+00
1.3240240e-03
0.0000000e+00
0.0000000e+00
0.0000000e+00
0.0000000e+00
0.0000000e+00
0.0000000e+00
0.0000000e+00
0.0000000e+00
3.2846899e-05
1.1414153e-03
0.0000000e+00
0.0000000e+00
0.0000000e+00
0.0000000e+00
0.0000000e+00
0.0000000e+00
3.0853690e-03
0.0000000e+00
0.0000000e+00
0.0000000e+00
0.0000000e+00
0.0000000e+00
0.0000000e+00
0.0000000e+00
0.0000000e+00
0.0000000e+00
0.0000000e+00
0.0000000e+00
0.0000000e+00
0.0000000e+00
0.0000000e+00
0.0000000e+00
0.0000000e+00
0.0000000e+00
0.0000000e+00
0.0000000e+00
0.0000000e+00
0.0000000e+00
0.0000000e+00
0.0000000e+00
0.0000000e+00
0.0000000e+00
0.0000000e+00
0.0000000e+00
0.0000000e+00
0.0000000e+00
0.0000000e+00
0.0000000e+00
0.0000000e+00
0.0000000e+00
4.0834524e-03
0.0000000e+00
0.0000000e+00
0.0000000e+00
0.0000000e+00
0.0000000e+00
0.0000000e+00
0.0000000e+00
0.0000000e+00
0.0000000e+00
0.0000000e+00
0.0000000e+00
0.0000000e+00
0.0000000e+00
0.0000000e+00
0.0000000e+00
0.0000000e+00
0.0000000e+00
0.0000000e+00
0.0000000e+00
0.0000000e+00
0.0000000e+00
0.0000000e+00
0.0000000e+00
0.0000000e+00
0.0000000e+00
0.0000000e+00
0.0000000e+00
4.6998786e-03
0.0000000e+00
0.0000000e+00
0.0000000e+00
0.0000000e+00
0.0000000e+00
0.0000000e+00
0.0000000e+00
0.0000000e+00
1.5936115e-03
0.0000000e+00
0.0000000e+00
0.0000000e+00
0.0000000e+00
0.0000000e+00
0.0000000e+00
0.0000000e+00
2.9030942e-03
0.0000000e+00
0.0000000e+00
0.0000000e+00
0.0000000e+00
0.0000000e+00
0.0000000e+00
0.0000000e+00
0.0000000e+00
0.0000000e+00
0.0000000e+00
0.0000000e+00
0.0000000e+00
0.0000000e+00
0.0000000e+00
0.0000000e+00
0.0000000e+00
0.0000000e+00
0.0000000e+00
0.0000000e+00
0.0000000e+00
6.8227123e-03
0.0000000e+00
0.0000000e+00
0.0000000e+00
0.0000000e+00
0.0000000e+00
0.0000000e+00
0.0000000e+00
0.0000000e+00
0.0000000e+00
0.0000000e+00
0.0000000e+00
0.0000000e+00
0.0000000e+00
0.0000000e+00
0.0000000e+00
0.0000000e+00
0.0000000e+00
8.2077102e-05
0.0000000e+00
0.0000000e+00
0.0000000e+00
0.0000000e+00
0.0000000e+00
4.9388805e-03
0.0000000e+00
0.0000000e+00
0.0000000e+00
0.0000000e+00
0.0000000e+00
4.6901764e-06
0.0000000e+00
0.0000000e+00
0.0000000e+00
0.0000000e+00
0.0000000e+00
0.0000000e+00
0.0000000e+00
0.0000000e+00
6.7217526e-03
0.0000000e+00
0.0000000e+00
0.0000000e+00
0.0000000e+00
0.0000000e+00
0.0000000e+00
0.0000000e+00
2.7940106e-03
0.0000000e+00
0.0000000e+00
0.0000000e+00
0.0000000e+00
0.0000000e+00
0.0000000e+00
0.0000000e+00
0.0000000e+00
0.0000000e+00
0.0000000e+00
0.0000000e+00
0.0000000e+00
0.0000000e+00
0.0000000e+00
0.0000000e+00
0.0000000e+00
0.0000000e+00
0.0000000e+00
0.0000000e+00
0.0000000e+00
0.0000000e+00
0.0000000e+00
0.0000000e+00
0.0000000e+00
0.0000000e+00
7.9436323e-04
0.0000000e+00
0.0000000e+00
0.0000000e+00
0.0000000e+00
0.0000000e+00
0.0000000e+00
0.0000000e+00
0.0000000e+00
0.0000000e+00
0.0000000e+00
3.1943630e-03
0.0000000e+00
0.0000000e+00
0.0000000e+00
0.0000000e+00
0.0000000e+00
0.0000000e+00
0.0000000e+00
0.0000000e+00
0.0000000e+00
0.0000000e+00
0.0000000e+00
0.0000000e+00
7.2460236e-03
6.9760570e-05
0.0000000e+00
0.0000000e+00
0.0000000e+00
0.0000000e+00
0.0000000e+00
0.0000000e+00
0.0000000e+00
0.0000000e+00
0.0000000e+00
0.0000000e+00
3.6953983e-03
0.0000000e+00
0.0000000e+00
0.0000000e+00
0.0000000e+00
0.0000000e+00
0.0000000e+00
0.0000000e+00
0.0000000e+00
0.0000000e+00
0.0000000e+00
0.0000000e+00
0.0000000e+00
0.0000000e+00
0.0000000e+00
0.0000000e+00
0.0000000e+00
0.0000000e+00
0.0000000e+00
0.0000000e+00
5.0624167e-03
0.0000000e+00
0.0000000e+00
4.3426871e-05
0.0000000e+00
0.0000000e+00
0.0000000e+00
0.0000000e+00
0.0000000e+00
0.0000000e+00
0.0000000e+00
0.0000000e+00
0.0000000e+00
0.0000000e+00
0.0000000e+00
0.0000000e+00
0.0000000e+00
0.0000000e+00
2.7771840e-03
0.0000000e+00
0.0000000e+00
0.0000000e+00
0.0000000e+00
0.0000000e+00
0.0000000e+00
0.0000000e+00
0.0000000e+00
0.0000000e+00
0.0000000e+00
0.0000000e+00
0.0000000e+00
0.0000000e+00
0.0000000e+00
0.0000000e+00
0.0000000e+00
0.0000000e+00
0.0000000e+00
2.9982863e-03
0.0000000e+00
0.0000000e+00
0.0000000e+00
0.0000000e+00
0.0000000e+00
4.5853690e-03
0.0000000e+00
0.0000000e+00
0.0000000e+00
0.0000000e+00
0.0000000e+00
0.0000000e+00
0.0000000e+00
0.0000000e+00
0.0000000e+00
0.0000000e+00
0.0000000e+00
0.0000000e+00
0.0000000e+00
0.0000000e+00
0.0000000e+00
0.0000000e+00
0.0000000e+00
0.0000000e+00
0.0000000e+00
0.0000000e+00
0.0000000e+00
0.0000000e+00
0.0000000e+00
0.0000000e+00
0.0000000e+00
0.0000000e+00
0.0000000e+00
0.0000000e+00
0.0000000e+00
0.0000000e+00
0.0000000e+00
0.0000000e+00
0.0000000e+00
2.0834523e-03
0.0000000e+00
0.0000000e+00
0.0000000e+00
0.0000000e+00
0.0000000e+00
0.0000000e+00
0.0000000e+00
0.0000000e+00
0.0000000e+00
0.0000000e+00
0.0000000e+00
0.0000000e+00
0.0000000e+00
0.0000000e+00
0.0000000e+00
0.0000000e+00
0.0000000e+00
0.0000000e+00
0.0000000e+00
0.0000000e+00
0.0000000e+00
0.0000000e+00
0.0000000e+00
0.0000000e+00
0.0000000e+00
0.0000000e+00
0.0000000e+00
3.2998787e-03
0.0000000e+00
0.0000000e+00
0.0000000e+00
0.0000000e+00
0.0000000e+00
0.0000000e+00
0.0000000e+00
0.0000000e+00
2.1936115e-03
0.0000000e+00
0.0000000e+00
0.0000000e+00
0.0000000e+00
0.0000000e+00
0.0000000e+00
0.0000000e+00
3.3030942e-03
0.0000000e+00
0.0000000e+00
0.0000000e+00
0.0000000e+00
0.0000000e+00
0.0000000e+00
0.0000000e+00
0.0000000e+00
0.0000000e+00
0.0000000e+00
0.0000000e+00
0.0000000e+00
0.0000000e+00
0.0000000e+00
0.0000000e+00
0.0000000e+00
0.0000000e+00
0.0000000e+00
0.0000000e+00
0.0000000e+00
7.2227121e-03
0.0000000e+00
0.0000000e+00
0.0000000e+00
0.0000000e+00
0.0000000e+00
0.0000000e+00
0.0000000e+00
0.0000000e+00
0.0000000e+00
0.0000000e+00
0.0000000e+00
0.0000000e+00
0.0000000e+00
0.0000000e+00
0.0000000e+00
0.0000000e+00
0.0000000e+00
0.0000000e+00
0.0000000e+00
4.9489089e-05
0.0000000e+00
0.0000000e+00
0.0000000e+00
3.2714686e-03
0.0000000e+00
0.0000000e+00
0.0000000e+00
0.0000000e+00
0.0000000e+00
0.0000000e+00
0.0000000e+00
0.0000000e+00
0.0000000e+00
0.0000000e+00
0.0000000e+00
0.0000000e+00
0.0000000e+00
0.0000000e+00
5.9264432e-03
0.0000000e+00
0.0000000e+00
0.0000000e+00
0.0000000e+00
0.0000000e+00
0.0000000e+00
0.0000000e+00
2.8940107e-03
0.0000000e+00
0.0000000e+00
0.0000000e+00
0.0000000e+00
0.0000000e+00
0.0000000e+00
0.0000000e+00
0.0000000e+00
0.0000000e+00
0.0000000e+00
0.0000000e+00
0.0000000e+00
0.0000000e+00
0.0000000e+00
0.0000000e+00
0.0000000e+00
0.0000000e+00
0.0000000e+00
0.0000000e+00
0.0000000e+00
0.0000000e+00
0.0000000e+00
0.0000000e+00
0.0000000e+00
0.0000000e+00
3.3943633e-03
0.0000000e+00
0.0000000e+00
0.0000000e+00
0.0000000e+00
0.0000000e+00
0.0000000e+00
0.0000000e+00
0.0000000e+00
0.0000000e+00
0.0000000e+00
2.2943631e-03
0.0000000e+00
0.0000000e+00
0.0000000e+00
0.0000000e+00
0.0000000e+00
0.0000000e+00
0.0000000e+00
0.0000000e+00
0.0000000e+00
0.0000000e+00
0.0000000e+00
0.0000000e+00
4.4157839e-03
0.0000000e+00
0.0000000e+00
0.0000000e+00
0.0000000e+00
0.0000000e+00
0.0000000e+00
0.0000000e+00
0.0000000e+00
0.0000000e+00
0.0000000e+00
0.0000000e+00
3.7953984e-03
0.0000000e+00
0.0000000e+00
0.0000000e+00
0.0000000e+00
0.0000000e+00
0.0000000e+00
0.0000000e+00
0.0000000e+00
0.0000000e+00
0.0000000e+00
0.0000000e+00
0.0000000e+00
0.0000000e+00
0.0000000e+00
0.0000000e+00
0.0000000e+00
0.0000000e+00
0.0000000e+00
0.0000000e+00
0.0000000e+00
0.0000000e+00
0.0000000e+00
0.0000000e+00
5.1058436e-03
0.0000000e+00
0.0000000e+00
0.0000000e+00
0.0000000e+00
0.0000000e+00
0.0000000e+00
0.0000000e+00
0.0000000e+00
0.0000000e+00
0.0000000e+00
0.0000000e+00
0.0000000e+00
6.2771841e-03
0.0000000e+00
0.0000000e+00
0.0000000e+00
0.0000000e+00
0.0000000e+00
0.0000000e+00
0.0000000e+00
0.0000000e+00
0.0000000e+00
0.0000000e+00
0.0000000e+00
0.0000000e+00
0.0000000e+00
0.0000000e+00
0.0000000e+00
5.0984035e-05
8.7258309e-05
0.0000000e+00
0.0000000e+00
2.9600440e-03
0.0000000e+00
0.0000000e+00
0.0000000e+00
0.0000000e+00
0.0000000e+00
5.3853690e-03
0.0000000e+00
0.0000000e+00
0.0000000e+00
0.0000000e+00
0.0000000e+00
0.0000000e+00
0.0000000e+00
0.0000000e+00
0.0000000e+00
0.0000000e+00
0.0000000e+00
0.0000000e+00
0.0000000e+00
0.0000000e+00
0.0000000e+00
0.0000000e+00
0.0000000e+00
0.0000000e+00
0.0000000e+00
0.0000000e+00
0.0000000e+00
0.0000000e+00
0.0000000e+00
0.0000000e+00
0.0000000e+00
0.0000000e+00
0.0000000e+00
0.0000000e+00
0.0000000e+00
0.0000000e+00
0.0000000e+00
0.0000000e+00
0.0000000e+00
0.0000000e+00
0.0000000e+00
0.0000000e+00
0.0000000e+00
0.0000000e+00
0.0000000e+00
0.0000000e+00
0.0000000e+00
0.0000000e+00
0.0000000e+00
0.0000000e+00
0.0000000e+00
2.8345243e-04
0.0000000e+00
0.0000000e+00
0.0000000e+00
0.0000000e+00
0.0000000e+00
0.0000000e+00
0.0000000e+00
0.0000000e+00
0.0000000e+00
0.0000000e+00
0.0000000e+00
0.0000000e+00
0.0000000e+00
0.0000000e+00
0.0000000e+00
5.1998787e-03
0.0000000e+00
0.0000000e+00
0.0000000e+00
0.0000000e+00
0.0000000e+00
0.0000000e+00
0.0000000e+00
0.0000000e+00
0.0000000e+00
0.0000000e+00
0.0000000e+00
0.0000000e+00
0.0000000e+00
0.0000000e+00
0.0000000e+00
0.0000000e+00
2.4030943e-03
0.0000000e+00
0.0000000e+00
0.0000000e+00
0.0000000e+00
0.0000000e+00
0.0000000e+00
0.0000000e+00
0.0000000e+00
0.0000000e+00
0.0000000e+00
0.0000000e+00
0.0000000e+00
0.0000000e+00
0.0000000e+00
0.0000000e+00
0.0000000e+00
0.0000000e+00
0.0000000e+00
0.0000000e+00
0.0000000e+00
6.8227123e-03
0.0000000e+00
0.0000000e+00
0.0000000e+00
0.0000000e+00
0.0000000e+00
0.0000000e+00
0.0000000e+00
0.0000000e+00
0.0000000e+00
0.0000000e+00
0.0000000e+00
0.0000000e+00
0.0000000e+00
0.0000000e+00
0.0000000e+00
0.0000000e+00
0.0000000e+00
0.0000000e+00
0.0000000e+00
0.0000000e+00
0.0000000e+00
0.0000000e+00
0.0000000e+00
6.3209577e-03
0.0000000e+00
0.0000000e+00
0.0000000e+00
0.0000000e+00
0.0000000e+00
0.0000000e+00
0.0000000e+00
0.0000000e+00
0.0000000e+00
8.6238327e-05
0.0000000e+00
0.0000000e+00
0.0000000e+00
0.0000000e+00
6.1402048e-03
0.0000000e+00
0.0000000e+00
0.0000000e+00
0.0000000e+00
0.0000000e+00
0.0000000e+00
0.0000000e+00
2.5940107e-03
0.0000000e+00
0.0000000e+00
0.0000000e+00
0.0000000e+00
0.0000000e+00
0.0000000e+00
0.0000000e+00
0.0000000e+00
0.0000000e+00
0.0000000e+00
0.0000000e+00
0.0000000e+00
0.0000000e+00
0.0000000e+00
0.0000000e+00
0.0000000e+00
0.0000000e+00
0.0000000e+00
0.0000000e+00
0.0000000e+00
0.0000000e+00
0.0000000e+00
0.0000000e+00
0.0000000e+00
0.0000000e+00
1.3943632e-03
0.0000000e+00
0.0000000e+00
0.0000000e+00
0.0000000e+00
0.0000000e+00
0.0000000e+00
0.0000000e+00
0.0000000e+00
0.0000000e+00
0.0000000e+00
3.1943630e-03
0.0000000e+00
0.0000000e+00
0.0000000e+00
0.0000000e+00
0.0000000e+00
0.0000000e+00
0.0000000e+00
0.0000000e+00
0.0000000e+00
0.0000000e+00
0.0000000e+00
0.0000000e+00
4.0157842e-03
0.0000000e+00
0.0000000e+00
0.0000000e+00
0.0000000e+00
0.0000000e+00
0.0000000e+00
0.0000000e+00
0.0000000e+00
0.0000000e+00
0.0000000e+00
0.0000000e+00
4.8953984e-03
0.0000000e+00
0.0000000e+00
0.0000000e+00
0.0000000e+00
0.0000000e+00
0.0000000e+00
0.0000000e+00
0.0000000e+00
0.0000000e+00
0.0000000e+00
0.0000000e+00
0.0000000e+00
0.0000000e+00
0.0000000e+00
0.0000000e+00
0.0000000e+00
0.0000000e+00
0.0000000e+00
0.0000000e+00
0.0000000e+00
0.0000000e+00
0.0000000e+00
0.0000000e+00
3.0058434e-03
0.0000000e+00
0.0000000e+00
0.0000000e+00
0.0000000e+00
0.0000000e+00
0.0000000e+00
0.0000000e+00
0.0000000e+00
0.0000000e+00
0.0000000e+00
0.0000000e+00
0.0000000e+00
4.1771840e-03
0.0000000e+00
0.0000000e+00
0.0000000e+00
0.0000000e+00
0.0000000e+00
0.0000000e+00
0.0000000e+00
0.0000000e+00
0.0000000e+00
0.0000000e+00
0.0000000e+00
0.0000000e+00
0.0000000e+00
0.0000000e+00
0.0000000e+00
0.0000000e+00
0.0000000e+00
0.0000000e+00
0.0000000e+00
6.8982862e-03
0.0000000e+00
0.0000000e+00
0.0000000e+00
0.0000000e+00
0.0000000e+00
2.0853688e-03
0.0000000e+00
0.0000000e+00
0.0000000e+00
0.0000000e+00
0.0000000e+00
0.0000000e+00
0.0000000e+00
0.0000000e+00
0.0000000e+00
0.0000000e+00
0.0000000e+00
0.0000000e+00
0.0000000e+00
0.0000000e+00
0.0000000e+00
0.0000000e+00
0.0000000e+00
0.0000000e+00
0.0000000e+00
0.0000000e+00
0.0000000e+00
0.0000000e+00
0.0000000e+00
0.0000000e+00
0.0000000e+00
0.0000000e+00
0.0000000e+00
0.0000000e+00
0.0000000e+00
0.0000000e+00
0.0000000e+00
0.0000000e+00
0.0000000e+00
3.9834526e-03
0.0000000e+00
0.0000000e+00
0.0000000e+00
0.0000000e+00
0.0000000e+00
0.0000000e+00
0.0000000e+00
0.0000000e+00
0.0000000e+00
0.0000000e+00
0.0000000e+00
0.0000000e+00
0.0000000e+00
0.0000000e+00
0.0000000e+00
0.0000000e+00
0.0000000e+00
0.0000000e+00
0.0000000e+00
0.0000000e+00
0.0000000e+00
0.0000000e+00
0.0000000e+00
0.0000000e+00
0.0000000e+00
0.0000000e+00
0.0000000e+00
1.7998786e-03
0.0000000e+00
0.0000000e+00
0.0000000e+00
0.0000000e+00
0.0000000e+00
0.0000000e+00
0.0000000e+00
0.0000000e+00
1.0936115e-03
0.0000000e+00
0.0000000e+00
0.0000000e+00
0.0000000e+00
0.0000000e+00
0.0000000e+00
0.0000000e+00
5.3030941e-03
0.0000000e+00
0.0000000e+00
0.0000000e+00
0.0000000e+00
0.0000000e+00
0.0000000e+00
0.0000000e+00
0.0000000e+00
0.0000000e+00
0.0000000e+00
0.0000000e+00
0.0000000e+00
0.0000000e+00
0.0000000e+00
0.0000000e+00
0.0000000e+00
0.0000000e+00
0.0000000e+00
2.6558035e-05
0.0000000e+00
7.0961542e-03
0.0000000e+00
0.0000000e+00
0.0000000e+00
0.0000000e+00
0.0000000e+00
0.0000000e+00
0.0000000e+00
0.0000000e+00
0.0000000e+00
0.0000000e+00
0.0000000e+00
0.0000000e+00
0.0000000e+00
0.0000000e+00
0.0000000e+00
0.0000000e+00
0.0000000e+00
0.0000000e+00
0.0000000e+00
0.0000000e+00
0.0000000e+00
0.0000000e+00
0.0000000e+00
3.8209578e-03
0.0000000e+00
0.0000000e+00
0.0000000e+00
0.0000000e+00
0.0000000e+00
0.0000000e+00
0.0000000e+00
0.0000000e+00
0.0000000e+00
2.3343371e-06
1.2795618e-04
0.0000000e+00
0.0000000e+00
0.0000000e+00
7.4961526e-03
0.0000000e+00
0.0000000e+00
0.0000000e+00
0.0000000e+00
0.0000000e+00
0.0000000e+00
0.0000000e+00
1.4940107e-03
0.0000000e+00
0.0000000e+00
0.0000000e+00
0.0000000e+00
0.0000000e+00
0.0000000e+00
0.0000000e+00
0.0000000e+00
0.0000000e+00
0.0000000e+00
0.0000000e+00
0.0000000e+00
0.0000000e+00
0.0000000e+00
0.0000000e+00
0.0000000e+00
0.0000000e+00
0.0000000e+00
0.0000000e+00
0.0000000e+00
0.0000000e+00
0.0000000e+00
0.0000000e+00
0.0000000e+00
0.0000000e+00
1.1943633e-03
0.0000000e+00
0.0000000e+00
0.0000000e+00
0.0000000e+00
0.0000000e+00
0.0000000e+00
0.0000000e+00
0.0000000e+00
0.0000000e+00
0.0000000e+00
3.9943633e-03
0.0000000e+00
0.0000000e+00
0.0000000e+00
0.0000000e+00
0.0000000e+00
0.0000000e+00
0.0000000e+00
0.0000000e+00
0.0000000e+00
0.0000000e+00
0.0000000e+00
0.0000000e+00
5.6157838e-03
0.0000000e+00
0.0000000e+00
0.0000000e+00
0.0000000e+00
0.0000000e+00
0.0000000e+00
0.0000000e+00
0.0000000e+00
0.0000000e+00
0.0000000e+00
0.0000000e+00
4.3953983e-03
0.0000000e+00
0.0000000e+00
0.0000000e+00
0.0000000e+00
0.0000000e+00
0.0000000e+00
0.0000000e+00
0.0000000e+00
0.0000000e+00
0.0000000e+00
0.0000000e+00
0.0000000e+00
0.0000000e+00
0.0000000e+00
0.0000000e+00
0.0000000e+00
0.0000000e+00
0.0000000e+00
0.0000000e+00
0.0000000e+00
0.0000000e+00
0.0000000e+00
0.0000000e+00
4.4058434e-03
0.0000000e+00
0.0000000e+00
0.0000000e+00
0.0000000e+00
0.0000000e+00
0.0000000e+00
0.0000000e+00
0.0000000e+00
0.0000000e+00
8.8156861e-05
0.0000000e+00
0.0000000e+00
3.8890274e-03
0.0000000e+00
0.0000000e+00
0.0000000e+00
0.0000000e+00
0.0000000e+00
0.0000000e+00
0.0000000e+00
0.0000000e+00
0.0000000e+00
0.0000000e+00
0.0000000e+00
0.0000000e+00
0.0000000e+00
0.0000000e+00
0.0000000e+00
0.0000000e+00
0.0000000e+00
0.0000000e+00
0.0000000e+00
6.9982864e-03
0.0000000e+00
0.0000000e+00
0.0000000e+00
0.0000000e+00
0.0000000e+00
0.0000000e+00
0.0000000e+00
0.0000000e+00
3.3853689e-03
0.0000000e+00
0.0000000e+00
0.0000000e+00
0.0000000e+00
0.0000000e+00
0.0000000e+00
0.0000000e+00
0.0000000e+00
0.0000000e+00
0.0000000e+00
0.0000000e+00
0.0000000e+00
0.0000000e+00
0.0000000e+00
0.0000000e+00
0.0000000e+00
0.0000000e+00
0.0000000e+00
0.0000000e+00
0.0000000e+00
0.0000000e+00
0.0000000e+00
0.0000000e+00
0.0000000e+00
0.0000000e+00
0.0000000e+00
0.0000000e+00
5.8859616e-04
0.0000000e+00
0.0000000e+00
8.9485628e-04
0.0000000e+00
0.0000000e+00
0.0000000e+00
0.0000000e+00
0.0000000e+00
0.0000000e+00
0.0000000e+00
0.0000000e+00
0.0000000e+00
0.0000000e+00
0.0000000e+00
0.0000000e+00
0.0000000e+00
0.0000000e+00
0.0000000e+00
0.0000000e+00
0.0000000e+00
0.0000000e+00
0.0000000e+00
0.0000000e+00
0.0000000e+00
0.0000000e+00
0.0000000e+00
0.0000000e+00
0.0000000e+00
0.0000000e+00
0.0000000e+00
4.7998789e-03
0.0000000e+00
0.0000000e+00
0.0000000e+00
0.0000000e+00
0.0000000e+00
0.0000000e+00
0.0000000e+00
0.0000000e+00
9.3611551e-05
0.0000000e+00
0.0000000e+00
0.0000000e+00
0.0000000e+00
0.0000000e+00
0.0000000e+00
0.0000000e+00
2.0030943e-03
0.0000000e+00
0.0000000e+00
0.0000000e+00
0.0000000e+00
0.0000000e+00
0.0000000e+00
0.0000000e+00
0.0000000e+00
0.0000000e+00
0.0000000e+00
0.0000000e+00
0.0000000e+00
0.0000000e+00
0.0000000e+00
0.0000000e+00
0.0000000e+00
0.0000000e+00
0.0000000e+00
0.0000000e+00
0.0000000e+00
7.4227122e-03
0.0000000e+00
0.0000000e+00
0.0000000e+00
0.0000000e+00
0.0000000e+00
0.0000000e+00
0.0000000e+00
0.0000000e+00
0.0000000e+00
0.0000000e+00
0.0000000e+00
0.0000000e+00
0.0000000e+00
0.0000000e+00
0.0000000e+00
0.0000000e+00
0.0000000e+00
0.0000000e+00
0.0000000e+00
0.0000000e+00
0.0000000e+00
0.0000000e+00
0.0000000e+00
4.4209577e-03
0.0000000e+00
0.0000000e+00
0.0000000e+00
0.0000000e+00
0.0000000e+00
0.0000000e+00
0.0000000e+00
0.0000000e+00
0.0000000e+00
0.0000000e+00
0.0000000e+00
0.0000000e+00
0.0000000e+00
0.0000000e+00
5.8264429e-03
0.0000000e+00
0.0000000e+00
0.0000000e+00
0.0000000e+00
0.0000000e+00
0.0000000e+00
0.0000000e+00
1.3940107e-03
0.0000000e+00
0.0000000e+00
0.0000000e+00
0.0000000e+00
0.0000000e+00
0.0000000e+00
0.0000000e+00
0.0000000e+00
0.0000000e+00
0.0000000e+00
0.0000000e+00
0.0000000e+00
0.0000000e+00
0.0000000e+00
0.0000000e+00
0.0000000e+00
0.0000000e+00
0.0000000e+00
0.0000000e+00
0.0000000e+00
0.0000000e+00
0.0000000e+00
0.0000000e+00
0.0000000e+00
0.0000000e+00
4.1943631e-03
0.0000000e+00
0.0000000e+00
0.0000000e+00
0.0000000e+00
0.0000000e+00
0.0000000e+00
0.0000000e+00
0.0000000e+00
0.0000000e+00
0.0000000e+00
2.0943630e-03
0.0000000e+00
0.0000000e+00
0.0000000e+00
0.0000000e+00
0.0000000e+00
0.0000000e+00
0.0000000e+00
0.0000000e+00
0.0000000e+00
0.0000000e+00
0.0000000e+00
0.0000000e+00
4.6157841e-03
0.0000000e+00
0.0000000e+00
0.0000000e+00
0.0000000e+00
0.0000000e+00
0.0000000e+00
0.0000000e+00
0.0000000e+00
0.0000000e+00
0.0000000e+00
0.0000000e+00
1.6953984e-03
0.0000000e+00
0.0000000e+00
0.0000000e+00
0.0000000e+00
0.0000000e+00
0.0000000e+00
0.0000000e+00
0.0000000e+00
0.0000000e+00
0.0000000e+00
0.0000000e+00
0.0000000e+00
0.0000000e+00
0.0000000e+00
0.0000000e+00
0.0000000e+00
0.0000000e+00
0.0000000e+00
0.0000000e+00
2.1777607e-04
0.0000000e+00
0.0000000e+00
0.0000000e+00
3.0880673e-03
0.0000000e+00
0.0000000e+00
0.0000000e+00
0.0000000e+00
0.0000000e+00
0.0000000e+00
0.0000000e+00
0.0000000e+00
0.0000000e+00
7.0255791e-04
0.0000000e+00
0.0000000e+00
0.0000000e+00
2.5978323e-03
1.7088519e-03
0.0000000e+00
0.0000000e+00
0.0000000e+00
0.0000000e+00
1.6794198e-04
0.0000000e+00
0.0000000e+00
0.0000000e+00
0.0000000e+00
0.0000000e+00
0.0000000e+00
0.0000000e+00
0.0000000e+00
0.0000000e+00
0.0000000e+00
0.0000000e+00
0.0000000e+00
4.1982861e-03
0.0000000e+00
0.0000000e+00
0.0000000e+00
0.0000000e+00
0.0000000e+00
4.5853690e-03
0.0000000e+00
0.0000000e+00
0.0000000e+00
0.0000000e+00
0.0000000e+00
0.0000000e+00
0.0000000e+00
0.0000000e+00
0.0000000e+00
0.0000000e+00
0.0000000e+00
0.0000000e+00
0.0000000e+00
0.0000000e+00
0.0000000e+00
0.0000000e+00
0.0000000e+00
0.0000000e+00
0.0000000e+00
0.0000000e+00
0.0000000e+00
0.0000000e+00
0.0000000e+00
0.0000000e+00
0.0000000e+00
0.0000000e+00
0.0000000e+00
0.0000000e+00
0.0000000e+00
0.0000000e+00
0.0000000e+00
0.0000000e+00
0.0000000e+00
2.5834524e-03
0.0000000e+00
0.0000000e+00
0.0000000e+00
0.0000000e+00
0.0000000e+00
0.0000000e+00
0.0000000e+00
0.0000000e+00
0.0000000e+00
0.0000000e+00
0.0000000e+00
0.0000000e+00
0.0000000e+00
0.0000000e+00
0.0000000e+00
0.0000000e+00
0.0000000e+00
0.0000000e+00
0.0000000e+00
0.0000000e+00
0.0000000e+00
0.0000000e+00
0.0000000e+00
0.0000000e+00
0.0000000e+00
0.0000000e+00
0.0000000e+00
3.5998786e-03
0.0000000e+00
0.0000000e+00
0.0000000e+00
0.0000000e+00
0.0000000e+00
0.0000000e+00
0.0000000e+00
0.0000000e+00
2.1936115e-03
0.0000000e+00
0.0000000e+00
0.0000000e+00
0.0000000e+00
0.0000000e+00
0.0000000e+00
0.0000000e+00
5.7030943e-03
0.0000000e+00
0.0000000e+00
0.0000000e+00
0.0000000e+00
0.0000000e+00
0.0000000e+00
0.0000000e+00
0.0000000e+00
0.0000000e+00
0.0000000e+00
0.0000000e+00
0.0000000e+00
0.0000000e+00
0.0000000e+00
0.0000000e+00
0.0000000e+00
0.0000000e+00
0.0000000e+00
0.0000000e+00
0.0000000e+00
6.9227122e-03
0.0000000e+00
0.0000000e+00
0.0000000e+00
0.0000000e+00
0.0000000e+00
0.0000000e+00
0.0000000e+00
0.0000000e+00
0.0000000e+00
0.0000000e+00
0.0000000e+00
0.0000000e+00
0.0000000e+00
0.0000000e+00
0.0000000e+00
0.0000000e+00
0.0000000e+00
0.0000000e+00
0.0000000e+00
0.0000000e+00
0.0000000e+00
0.0000000e+00
0.0000000e+00
6.0209577e-03
0.0000000e+00
0.0000000e+00
0.0000000e+00
0.0000000e+00
0.0000000e+00
0.0000000e+00
0.0000000e+00
0.0000000e+00
0.0000000e+00
0.0000000e+00
0.0000000e+00
0.0000000e+00
0.0000000e+00
0.0000000e+00
6.0264430e-03
0.0000000e+00
0.0000000e+00
0.0000000e+00
0.0000000e+00
0.0000000e+00
0.0000000e+00
0.0000000e+00
2.8940107e-03
0.0000000e+00
0.0000000e+00
0.0000000e+00
0.0000000e+00
0.0000000e+00
0.0000000e+00
0.0000000e+00
0.0000000e+00
0.0000000e+00
0.0000000e+00
0.0000000e+00
0.0000000e+00
0.0000000e+00
0.0000000e+00
0.0000000e+00
0.0000000e+00
0.0000000e+00
0.0000000e+00
0.0000000e+00
0.0000000e+00
0.0000000e+00
0.0000000e+00
0.0000000e+00
0.0000000e+00
0.0000000e+00
2.7943631e-03
0.0000000e+00
0.0000000e+00
0.0000000e+00
0.0000000e+00
0.0000000e+00
0.0000000e+00
0.0000000e+00
0.0000000e+00
0.0000000e+00
0.0000000e+00
1.9436309e-04
0.0000000e+00
0.0000000e+00
0.0000000e+00
0.0000000e+00
0.0000000e+00
0.0000000e+00
0.0000000e+00
0.0000000e+00
0.0000000e+00
0.0000000e+00
0.0000000e+00
0.0000000e+00
3.4157840e-03
0.0000000e+00
0.0000000e+00
0.0000000e+00
0.0000000e+00
0.0000000e+00
0.0000000e+00
0.0000000e+00
0.0000000e+00
0.0000000e+00
0.0000000e+00
0.0000000e+00
3.3953984e-03
0.0000000e+00
0.0000000e+00
0.0000000e+00
0.0000000e+00
0.0000000e+00
0.0000000e+00
0.0000000e+00
0.0000000e+00
0.0000000e+00
0.0000000e+00
0.0000000e+00
0.0000000e+00
0.0000000e+00
0.0000000e+00
0.0000000e+00
0.0000000e+00
0.0000000e+00
0.0000000e+00
0.0000000e+00
0.0000000e+00
0.0000000e+00
0.0000000e+00
0.0000000e+00
6.7887747e-03
0.0000000e+00
0.0000000e+00
0.0000000e+00
1.7068766e-05
0.0000000e+00
0.0000000e+00
0.0000000e+00
0.0000000e+00
0.0000000e+00
0.0000000e+00
0.0000000e+00
0.0000000e+00
4.2771843e-03
0.0000000e+00
0.0000000e+00
0.0000000e+00
0.0000000e+00
0.0000000e+00
0.0000000e+00
0.0000000e+00
0.0000000e+00
0.0000000e+00
0.0000000e+00
0.0000000e+00
0.0000000e+00
0.0000000e+00
0.0000000e+00
0.0000000e+00
0.0000000e+00
0.0000000e+00
0.0000000e+00
0.0000000e+00
3.1982862e-03
0.0000000e+00
0.0000000e+00
0.0000000e+00
0.0000000e+00
0.0000000e+00
3.7853689e-03
0.0000000e+00
0.0000000e+00
0.0000000e+00
0.0000000e+00
0.0000000e+00
0.0000000e+00
0.0000000e+00
0.0000000e+00
0.0000000e+00
0.0000000e+00
0.0000000e+00
0.0000000e+00
0.0000000e+00
0.0000000e+00
0.0000000e+00
0.0000000e+00
0.0000000e+00
0.0000000e+00
0.0000000e+00
0.0000000e+00
0.0000000e+00
0.0000000e+00
0.0000000e+00
0.0000000e+00
0.0000000e+00
0.0000000e+00
0.0000000e+00
0.0000000e+00
0.0000000e+00
0.0000000e+00
0.0000000e+00
0.0000000e+00
0.0000000e+00
1.8632922e-03
0.0000000e+00
0.0000000e+00
0.0000000e+00
0.0000000e+00
0.0000000e+00
0.0000000e+00
0.0000000e+00
0.0000000e+00
0.0000000e+00
0.0000000e+00
0.0000000e+00
1.0201601e-03
0.0000000e+00
0.0000000e+00
0.0000000e+00
0.0000000e+00
0.0000000e+00
0.0000000e+00
0.0000000e+00
0.0000000e+00
0.0000000e+00
0.0000000e+00
0.0000000e+00
0.0000000e+00
0.0000000e+00
0.0000000e+00
0.0000000e+00
6.5998786e-03
0.0000000e+00
0.0000000e+00
0.0000000e+00
0.0000000e+00
0.0000000e+00
0.0000000e+00
0.0000000e+00
0.0000000e+00
2.0936115e-03
0.0000000e+00
0.0000000e+00
0.0000000e+00
0.0000000e+00
0.0000000e+00
0.0000000e+00
0.0000000e+00
9.5691823e-04
0.0000000e+00
0.0000000e+00
0.0000000e+00
0.0000000e+00
0.0000000e+00
0.0000000e+00
0.0000000e+00
0.0000000e+00
0.0000000e+00
0.0000000e+00
0.0000000e+00
0.0000000e+00
0.0000000e+00
4.6176044e-05
0.0000000e+00
0.0000000e+00
0.0000000e+00
0.0000000e+00
0.0000000e+00
0.0000000e+00
7.8927741e-03
0.0000000e+00
1.9122784e-06
2.8025502e-05
0.0000000e+00
0.0000000e+00
0.0000000e+00
0.0000000e+00
0.0000000e+00
0.0000000e+00
0.0000000e+00
0.0000000e+00
0.0000000e+00
0.0000000e+00
0.0000000e+00
0.0000000e+00
0.0000000e+00
0.0000000e+00
0.0000000e+00
0.0000000e+00
0.0000000e+00
0.0000000e+00
0.0000000e+00
0.0000000e+00
4.0209579e-03
0.0000000e+00
0.0000000e+00
0.0000000e+00
0.0000000e+00
0.0000000e+00
0.0000000e+00
5.9101587e-05
0.0000000e+00
0.0000000e+00
0.0000000e+00
0.0000000e+00
0.0000000e+00
0.0000000e+00
0.0000000e+00
6.4538283e-03
0.0000000e+00
1.1351300e-04
0.0000000e+00
0.0000000e+00
0.0000000e+00
0.0000000e+00
0.0000000e+00
3.7940108e-03
0.0000000e+00
0.0000000e+00
0.0000000e+00
0.0000000e+00
0.0000000e+00
0.0000000e+00
0.0000000e+00
0.0000000e+00
0.0000000e+00
0.0000000e+00
0.0000000e+00
0.0000000e+00
0.0000000e+00
0.0000000e+00
0.0000000e+00
0.0000000e+00
0.0000000e+00
0.0000000e+00
0.0000000e+00
0.0000000e+00
0.0000000e+00
0.0000000e+00
0.0000000e+00
0.0000000e+00
0.0000000e+00
1.9436324e-04
0.0000000e+00
0.0000000e+00
0.0000000e+00
0.0000000e+00
0.0000000e+00
0.0000000e+00
0.0000000e+00
0.0000000e+00
0.0000000e+00
0.0000000e+00
2.4943630e-03
0.0000000e+00
0.0000000e+00
0.0000000e+00
0.0000000e+00
0.0000000e+00
0.0000000e+00
