0.000416
0.000416
0.000416
0.000416
0.000416
0.000416
0.000416
0.000416
0.000416
0.000416
0.000416
0.000416
0.000416
0.000416
0.000416
0.000416
0.000060
0.000000
0.000000
0.000000
0.000000
0.000060
0.000050
0.000000
0.000000
0.000000
0.000000
0.000000
0.000000
0.000000
0.000000
0.000000
0.000000
0.000000
0.000000
0.000000
0.000000
0.000000
0.000000
0.000000
0.000000
0.000000
0.000000
0.000000
0.000000
0.120160
0.000000
0.000000
0.000000
0.000000
0.000000
0.000000
0.000000
0.000000
0.000000
0.000000
0.000000
0.000000
0.000000
0.000000
0.000000
0.000000
0.000000
0.000000
0.000000
0.000000
0.064250
0.000000
0.000000
0.000000
0.000000
0.000000
0.000000
0.000000
0.000000
0.000000
0.000000
0.000000
0.000000
0.000000
0.000000
0.000000
0.000000
0.000000
0.000000
0.000000
0.170920
0.000000
0.000000
0.000000
0.000000
0.000000
0.000000
0.000490
0.000000
0.000000
0.000000
0.000000
0.028480
0.000000
0.000000
0.000000
0.000000
0.000000
0.000000
0.000000
0.000000
0.000000
0.000000
0.000000
0.000000
0.062280
0.000000
0.000000
0.000000
0.000000
0.000000
0.000000
0.000000
0.000000
0.000000
0.000000
0.000000
0.000000
0.000000
0.000000
0.009030
0.000000
0.000000
0.000000
0.000000
0.000000
0.000000
0.000000
0.000000
0.000960
0.000060
0.000000
0.000740
0.000000
0.000000
0.000000
0.000000
0.000000
0.000000
0.000000
0.000000
0.000000
0.000050
0.000450
0.000000
0.000000
0.000000
0.000000
0.000000
0.000000
0.000000
0.000000
0.000000
0.000000
0.000000
0.000000
0.000000
0.000000
0.000000
0.000000
0.000000
0.000000
0.000000
0.000050
0.000000
0.000000
0.000220
0.000000
0.000000
0.000000
0.000000
0.000000
0.000000
0.000000
0.000000
0.000000
0.000000
0.000000
0.000000
0.000000
0.000000
0.000020
0.000000
0.000000
0.000000
0.000000
0.000000
0.000000
0.000000
0.000000
0.000000
0.000000
0.000000
0.175870
0.000000
0.000000
0.000000
0.000000
0.000000
0.000000
0.000000
0.000190
0.000000
0.000000
0.000000
0.000730
0.000480
0.000000
0.000000
0.000000
0.000000
0.000000
0.000000
0.000000
0.000000
0.000000
0.000000
0.000000
0.000000
0.000720
0.000000
0.026870
0.000000
0.000000
0.000000
0.000000
0.000000
0.000000
0.000000
0.000000
0.000000
0.000000
0.000000
0.000000
0.000000
0.000000
0.000000
0.000000
0.001870
0.000000
0.000000
0.000000
0.000000
0.000000
0.000000
0.000000
0.000000
0.000000
0.000000
0.000000
0.000000
0.000000
0.000070
0.000000
0.000000
0.000000
0.000000
0.000000
0.000000
0.000000
0.000000
0.000000
0.000000
0.000000
0.000000
0.000000
0.000000
0.000000
0.000000
0.000000
0.000000
0.000000
0.000000
0.000000
0.000000
0.000000
0.000000
0.196120
0.000000
0.000000
0.000000
0.000000
0.000000
0.000000
0.000000
0.000000
0.002340
0.000000
0.000000
0.000000
0.000000
0.000000
0.000000
0.000000
0.000000
0.000000
0.000000
0.000000
0.000000
0.000000
0.000000
0.000000
0.009170
0.000740
0.000000
0.000000
0.000000
0.000000
0.000000
0.000000
0.000000
0.000000
0.000000
0.000000
0.000000
0.000000
0.000000
0.000000
0.000000
0.000000
0.000000
0.000000
0.000000
0.000000
0.000040
0.000000
0.000000
0.000000
0.000000
0.000000
0.000000
0.000000
0.000000
0.000000
0.000000
0.000000
0.000000
0.000000
0.000000
0.000000
0.000020
0.000000
0.000000
0.000000
0.000000
0.000000
0.000000
0.000000
0.000000
0.000000
0.000000
0.000000
0.000000
0.000000
0.000000
0.000000
0.000000
0.002170
0.000000
0.000000
0.000000
0.000000
0.000000
0.000000
0.000000
0.000000
0.000000
0.000000
0.003760
0.119900
0.000000
0.000000
0.000000
0.000000
0.000000
0.000000
0.000000
0.000000
0.000270
0.000000
0.000000
0.000000
0.000270
0.000000
0.000000
0.000000
0.000000
0.000000
0.000000
0.000020
0.000000
0.000000
0.000000
0.000000
0.000050
0.000000
0.000000
0.000000
0.000000
0.000000
0.000000
0.000000
0.000000
0.000000
0.000000
0.000000
0.000000
0.006910
0.004150
0.011210
0.001470
0.003810
0.000400
0.000030
0.000000
0.000010
0.011040
0.002060
0.000000
0.000020
0.012800
0.000140
0.000580
0.000000
0.000010
0.007870
0.000000
0.000000
0.000010
0.006750
0.005430
0.010820
0.001490
0.004080
0.000820
0.000070
0.000000
0.000000
0.010290
0.002230
0.000000
0.000000
0.011870
0.000250
0.000670
0.000000
0.000000
0.007720
0.000000
0.000010
0.000030
0.007560
0.004170
0.012580
0.001910
0.003790
0.000510
0.000010
0.000000
0.000000
0.009620
0.001900
0.000020
0.000000
0.012750
0.000200
0.000690
0.000000
0.000000
0.006750
0.000010
0.000000
0.000000
0.008100
0.004070
0.010560
0.001860
0.004620
0.000090
0.000070
0.000030
0.000000
0.010180
0.001270
0.000490
0.000000
0.013030
0.000110
0.000690
0.000000
0.000000
0.007210
0.000120
0.000000
0.000030
0.006910
0.005460
0.012060
0.002220
0.003710
0.000550
0.000000
0.000000
0.000000
0.010320
0.001710
0.000050
0.000000
0.011570
0.000080
0.000580
0.000000
0.000010
0.007220
0.000020
0.000000
0.000000
0.007620
0.004050
0.010450
0.001420
0.003860
0.000630
0.000000
0.000040
0.000010
0.011600
0.001700
0.000150
0.000000
0.013050
0.000110
0.000640
0.000000
0.000000
0.007170
0.000000
0.000000
0.000000
0.007040
0.003060
0.010030
0.001740
0.002850
0.000420
0.000080
0.000040
0.000000
0.010820
0.003290
0.000350
0.000000
0.013760
0.000080
0.000580
0.000000
0.000000
0.008340
0.000010
0.000000
0.000010
0.006600
0.004020
0.010870
0.001640
0.003080
0.001220
0.000070
0.000000
0.000000
0.011590
0.001200
0.000090
0.000010
0.011750
0.000080
0.000680
0.000000
0.000000
0.009570
0.000010
0.000000
0.000030
0.007410
0.004060
0.011930
0.001670
0.004280
0.000970
0.000020
0.000020
0.000000
0.013320
0.001590
0.000150
0.000000
0.009990
0.000130
0.000500
0.000000
0.000000
0.006410
0.000020
0.000000
0.000020
0.009020
0.005090
0.011040
0.002330
0.003540
0.000350
0.000000
0.000070
0.000000
0.010050
0.000690
0.000220
0.000040
0.012210
0.000130
0.000610
0.000000
0.000000
0.007010
0.000080
0.000000
0.000000
0.007810
0.002260
0.009530
0.002180
0.003810
0.000540
0.000000
0.000010
0.000000
0.013700
0.001770
0.000030
0.000000
0.012610
0.000240
0.000490
0.000030
0.000000
0.007470
0.000000
0.000020
0.000000
0.009130
0.004310
0.010640
0.001720
0.003680
0.001240
0.000000
0.000000
0.000000
0.009230
0.001080
0.000100
0.000000
0.012170
0.000070
0.000670
0.000000
0.000000
0.008340
0.000110
0.000010
0.000010
0.007560
0.004070
0.009060
0.002000
0.005230
0.000490
0.000010
0.000000
0.000000
0.009600
0.002030
0.000000
0.000000
0.013490
0.000100
0.000460
0.000000
0.000000
0.008380
0.000000
0.000010
0.000000
0.007570
0.003450
0.010820
0.001710
0.004240
0.000580
0.000060
0.000040
0.000000
0.012070
0.001710
0.000070
0.000000
0.011840
0.000420
0.000400
0.000000
0.000000
0.007380
0.000130
0.000010
0.000000
0.008250
0.002980
0.008240
0.002160
0.003530
0.001190
0.000030
0.000020
0.000000
0.011390
0.001310
0.000000
0.000000
0.012220
0.000080
0.000820
0.000010
0.000000
0.010260
0.000000
0.000010
0.000030
0.005920
0.003620
0.011080
0.001450
0.004170
0.000790
0.000050
0.000000
0.000000
0.012450
0.002050
0.000150
0.000000
0.011010
0.000120
0.000850
0.000000
0.000000
0.008730
0.000030
0.000000
1.000000
